1.0148
1.0148
1.0149
1.0149
1.015
1.0152
1.0153
1.0153
1.0153
1.0154
1.0154
1.0154
1.0155
1.0155
1.0156
1.0156
1.0156
1.016
1.0164
1.0188
1.0188
1.0189
1.0191
1.0191
1.0192
1.0193
1.0196
1.0201
1.0201
1.0202
1.0202
1.0203
1.0217
1.0226
1.0226
1.0226
1.0227
1.0227
1.0232
1.0239
1.0275
1.0276
1.0278
1.0282
1.0288
1.029
1.0404
1.0603
1.0605
1.0605
1.0606
1.0609
1.061
1.0631
1.0797
1.08
1.08
1.08
1.08
1.0801
1.0801
1.0801
1.0802
1.0802
1.0802
1.0802
1.0803
1.0805
1.0815
1.0815
1.0815
1.0816
1.0816
1.0818
1.0819
1.0829
1.0829
1.0829
1.083
1.083
1.0835
1.0857
1.0899
1.0901
1.0901
1.0901
1.0902
1.0902
1.0902
1.0902
1.0903
1.0903
1.0903
1.0903
1.0903
1.0903
1.0912
1.0913
1.0915
1.0915
1.0915
1.0915
1.0915
1.0916
1.0916
1.0916
1.0916
1.0916
1.0916
1.0916
1.0916
1.0916
1.0916
1.0916
1.0916
1.0922
1.0934
1.1096
1.1133
1.1148
1.1148
1.1148
1.1148
1.1149
1.1149
1.1149
1.1149
1.1149
1.1149
1.1149
1.1149
1.1321
1.1325
1.1334
1.1334
1.1335
1.1336
1.1336
1.1336
1.1337
1.1338
1.1338
1.1338
1.1338
1.1338
1.1338
1.1338
1.1338
1.1339
1.1339
1.1339
1.1339
1.134
1.1346
1.1347
1.1347
1.1347
1.1348
1.1348
1.1348
1.1348
1.1348
1.1348
1.1348
1.1349
1.1349
1.1481
1.1549
1.1674
1.1677
1.1705
1.172
1.1723
1.1931
1.1932
1.1952
1.1952
1.1952
1.1952
1.1952
1.1953
1.1954
1.1954
1.1955
1.1956
1.1956
1.1957
1.1978
1.1988
1.1988
1.1989
1.199
1.1991
1.1992
1.2004
1.2006
1.2006
1.2006
1.2007
1.2009
1.201
1.2013
1.2014
1.2015
1.2062
1.245
1.4023
1.4039
1.4053
1.4069
1.4084
1.4093
1.4315
1.6712
1.6797
1.6871
1.6965
1.7077
1.7145
1.9713
1.9728
1.9747
1.9765
1.9778
1.9793
