Gmres(500) iterations:
  0 1.833024e+05 1.833024e-03 (1.000000e-08)  
  1 1.514023e+05 1.833024e-03 
  2 1.509150e+05 1.833024e-03 
  3 1.461180e+05 1.833024e-03 
  4 1.447198e+05 1.833024e-03 
  5 1.437770e+05 1.833024e-03 
  6 1.433210e+05 1.833024e-03 
  7 1.431149e+05 1.833024e-03 
  8 1.430579e+05 1.833024e-03 
  9 1.430397e+05 1.833024e-03 
  10 1.430388e+05 1.833024e-03 
  11 1.430256e+05 1.833024e-03 
  12 1.430243e+05 1.833024e-03 
  13 1.429966e+05 1.833024e-03 
  14 1.429936e+05 1.833024e-03 
  15 1.429888e+05 1.833024e-03 
  16 1.429885e+05 1.833024e-03 
  17 1.429799e+05 1.833024e-03 
  18 1.429731e+05 1.833024e-03 
  19 1.429607e+05 1.833024e-03 
  20 1.429599e+05 1.833024e-03 
  21 1.429565e+05 1.833024e-03 
  22 1.429548e+05 1.833024e-03 
  23 1.429545e+05 1.833024e-03 
  24 1.429472e+05 1.833024e-03 
  25 1.429430e+05 1.833024e-03 
  26 1.429418e+05 1.833024e-03 
  27 1.429263e+05 1.833024e-03 
  28 1.429196e+05 1.833024e-03 
  29 1.429103e+05 1.833024e-03 
  30 1.428906e+05 1.833024e-03 
  31 1.428499e+05 1.833024e-03 
  32 1.427744e+05 1.833024e-03 
  33 1.427095e+05 1.833024e-03 
  34 1.426052e+05 1.833024e-03 
  35 1.425758e+05 1.833024e-03 
  36 1.425757e+05 1.833024e-03 
  37 1.425751e+05 1.833024e-03 
  38 1.425695e+05 1.833024e-03 
  39 1.425643e+05 1.833024e-03 
  40 1.425631e+05 1.833024e-03 
  41 1.425630e+05 1.833024e-03 
  42 1.425440e+05 1.833024e-03 
  43 1.425188e+05 1.833024e-03 
  44 1.424598e+05 1.833024e-03 
  45 1.423731e+05 1.833024e-03 
  46 1.422470e+05 1.833024e-03 
  47 1.420731e+05 1.833024e-03 
  48 1.418512e+05 1.833024e-03 
  49 1.416979e+05 1.833024e-03 
  50 1.416205e+05 1.833024e-03 
  51 1.415212e+05 1.833024e-03 
  52 1.413848e+05 1.833024e-03 
  53 1.412861e+05 1.833024e-03 
  54 1.412283e+05 1.833024e-03 
  55 1.411446e+05 1.833024e-03 
  56 1.410589e+05 1.833024e-03 
  57 1.409817e+05 1.833024e-03 
  58 1.409622e+05 1.833024e-03 
  59 1.409023e+05 1.833024e-03 
  60 1.408430e+05 1.833024e-03 
  61 1.407046e+05 1.833024e-03 
  62 1.404757e+05 1.833024e-03 
  63 1.402813e+05 1.833024e-03 
  64 1.400116e+05 1.833024e-03 
  65 1.399353e+05 1.833024e-03 
  66 1.397357e+05 1.833024e-03 
  67 1.395852e+05 1.833024e-03 
  68 1.393951e+05 1.833024e-03 
  69 1.390576e+05 1.833024e-03 
  70 1.384955e+05 1.833024e-03 
  71 1.367284e+05 1.833024e-03 
  72 1.341081e+05 1.833024e-03 
  73 1.315526e+05 1.833024e-03 
  74 1.288446e+05 1.833024e-03 
  75 1.270281e+05 1.833024e-03 
  76 1.247255e+05 1.833024e-03 
  77 1.213921e+05 1.833024e-03 
  78 1.188837e+05 1.833024e-03 
  79 1.170096e+05 1.833024e-03 
  80 1.164346e+05 1.833024e-03 
  81 1.159002e+05 1.833024e-03 
  82 1.152470e+05 1.833024e-03 
  83 1.148169e+05 1.833024e-03 
  84 1.141873e+05 1.833024e-03 
  85 1.129186e+05 1.833024e-03 
  86 1.120975e+05 1.833024e-03 
  87 1.099925e+05 1.833024e-03 
  88 1.045398e+05 1.833024e-03 
  89 9.758621e+04 1.833024e-03 
  90 8.886019e+04 1.833024e-03 
  91 7.855709e+04 1.833024e-03 
  92 7.002488e+04 1.833024e-03 
  93 6.552008e+04 1.833024e-03 
  94 6.202620e+04 1.833024e-03 
  95 5.712680e+04 1.833024e-03 
  96 5.254506e+04 1.833024e-03 
  97 4.822041e+04 1.833024e-03 
  98 4.535351e+04 1.833024e-03 
  99 4.223180e+04 1.833024e-03 
  100 3.817900e+04 1.833024e-03 
  101 3.375357e+04 1.833024e-03 
  102 3.020676e+04 1.833024e-03 
  103 2.813873e+04 1.833024e-03 
  104 2.596994e+04 1.833024e-03 
  105 2.381001e+04 1.833024e-03 
  106 2.222358e+04 1.833024e-03 
  107 2.056333e+04 1.833024e-03 
  108 1.891667e+04 1.833024e-03 
  109 1.717779e+04 1.833024e-03 
  110 1.550242e+04 1.833024e-03 
  111 1.416115e+04 1.833024e-03 
  112 1.324093e+04 1.833024e-03 
  113 1.241421e+04 1.833024e-03 
  114 1.173723e+04 1.833024e-03 
  115 1.097133e+04 1.833024e-03 
  116 1.026844e+04 1.833024e-03 
  117 9.538774e+03 1.833024e-03 
  118 8.718402e+03 1.833024e-03 
  119 8.094940e+03 1.833024e-03 
  120 7.711780e+03 1.833024e-03 
  121 7.069183e+03 1.833024e-03 
  122 6.428116e+03 1.833024e-03 
  123 5.722732e+03 1.833024e-03 
  124 5.034747e+03 1.833024e-03 
  125 4.414063e+03 1.833024e-03 
  126 3.823316e+03 1.833024e-03 
  127 3.511168e+03 1.833024e-03 
  128 3.328441e+03 1.833024e-03 
  129 3.123337e+03 1.833024e-03 
  130 2.984040e+03 1.833024e-03 
  131 2.728082e+03 1.833024e-03 
  132 2.401785e+03 1.833024e-03 
  133 2.139640e+03 1.833024e-03 
  134 1.915753e+03 1.833024e-03 
  135 1.725611e+03 1.833024e-03 
  136 1.567573e+03 1.833024e-03 
  137 1.399905e+03 1.833024e-03 
  138 1.224314e+03 1.833024e-03 
  139 1.027432e+03 1.833024e-03 
  140 8.843563e+02 1.833024e-03 
  141 7.639088e+02 1.833024e-03 
  142 6.713096e+02 1.833024e-03 
  143 6.002479e+02 1.833024e-03 
  144 5.224330e+02 1.833024e-03 
  145 4.663953e+02 1.833024e-03 
  146 4.363657e+02 1.833024e-03 
  147 3.990757e+02 1.833024e-03 
  148 3.570262e+02 1.833024e-03 
  149 3.031391e+02 1.833024e-03 
  150 2.787933e+02 1.833024e-03 
  151 2.499928e+02 1.833024e-03 
  152 2.191363e+02 1.833024e-03 
  153 1.850559e+02 1.833024e-03 
  154 1.547083e+02 1.833024e-03 
  155 1.333724e+02 1.833024e-03 
  156 1.182458e+02 1.833024e-03 
  157 1.006633e+02 1.833024e-03 
  158 8.260939e+01 1.833024e-03 
  159 6.960611e+01 1.833024e-03 
  160 5.873285e+01 1.833024e-03 
  161 5.051046e+01 1.833024e-03 
  162 4.292741e+01 1.833024e-03 
  163 3.728170e+01 1.833024e-03 
  164 3.222525e+01 1.833024e-03 
  165 2.861274e+01 1.833024e-03 
  166 2.648405e+01 1.833024e-03 
  167 2.500082e+01 1.833024e-03 
  168 2.354074e+01 1.833024e-03 
  169 2.124098e+01 1.833024e-03 
  170 1.854968e+01 1.833024e-03 
  171 1.602849e+01 1.833024e-03 
  172 1.423838e+01 1.833024e-03 
  173 1.267234e+01 1.833024e-03 
  174 1.169607e+01 1.833024e-03 
  175 1.058042e+01 1.833024e-03 
  176 9.380874e+00 1.833024e-03 
  177 8.145149e+00 1.833024e-03 
  178 7.118784e+00 1.833024e-03 
  179 6.275233e+00 1.833024e-03 
  180 5.402834e+00 1.833024e-03 
  181 4.709944e+00 1.833024e-03 
  182 4.085835e+00 1.833024e-03 
  183 3.507928e+00 1.833024e-03 
  184 2.954786e+00 1.833024e-03 
  185 2.583525e+00 1.833024e-03 
  186 2.253435e+00 1.833024e-03 
  187 1.929456e+00 1.833024e-03 
  188 1.711973e+00 1.833024e-03 
  189 1.475018e+00 1.833024e-03 
  190 1.209354e+00 1.833024e-03 
  191 1.049616e+00 1.833024e-03 
  192 9.033112e-01 1.833024e-03 
  193 8.066704e-01 1.833024e-03 
  194 6.989606e-01 1.833024e-03 
  195 5.920406e-01 1.833024e-03 
  196 5.129032e-01 1.833024e-03 
  197 4.487639e-01 1.833024e-03 
  198 3.926975e-01 1.833024e-03 
  199 3.442444e-01 1.833024e-03 
  200 3.008493e-01 1.833024e-03 
  201 2.648191e-01 1.833024e-03 
  202 2.390020e-01 1.833024e-03 
  203 2.226803e-01 1.833024e-03 
  204 2.108740e-01 1.833024e-03 
  205 1.934345e-01 1.833024e-03 
  206 1.719223e-01 1.833024e-03 
  207 1.542860e-01 1.833024e-03 
  208 1.393352e-01 1.833024e-03 
  209 1.222448e-01 1.833024e-03 
  210 1.107558e-01 1.833024e-03 
  211 9.972369e-02 1.833024e-03 
  212 9.318966e-02 1.833024e-03 
  213 8.712625e-02 1.833024e-03 
  214 7.665222e-02 1.833024e-03 
  215 6.544071e-02 1.833024e-03 
  216 5.843636e-02 1.833024e-03 
  217 5.230657e-02 1.833024e-03 
  218 4.608140e-02 1.833024e-03 
  219 3.897556e-02 1.833024e-03 
  220 3.349942e-02 1.833024e-03 
  221 2.759007e-02 1.833024e-03 
  222 2.414507e-02 1.833024e-03 
  223 2.111550e-02 1.833024e-03 
  224 1.802046e-02 1.833024e-03 
  225 1.562450e-02 1.833024e-03 
  226 1.298542e-02 1.833024e-03 
  227 1.125360e-02 1.833024e-03 
  228 9.411702e-03 1.833024e-03 
  229 8.145617e-03 1.833024e-03 
  230 6.831303e-03 1.833024e-03 
  231 5.881620e-03 1.833024e-03 
  232 4.978056e-03 1.833024e-03 
  233 4.201831e-03 1.833024e-03 
  234 3.531530e-03 1.833024e-03 
  235 2.974508e-03 1.833024e-03 
  236 2.545178e-03 1.833024e-03 
  237 2.077748e-03 1.833024e-03 
  238 1.708871e-03 1.833024e-03 
