Gmres(500) iterations:
  0 3.782220e+02 3.782220e-06 (1.000000e-08)  
  1 3.149018e+02 3.782220e-06 
  2 3.145593e+02 3.782220e-06 
  3 3.099903e+02 3.782220e-06 
  4 3.082075e+02 3.782220e-06 
  5 3.054318e+02 3.782220e-06 
  6 3.042303e+02 3.782220e-06 
  7 3.019562e+02 3.782220e-06 
  8 3.009860e+02 3.782220e-06 
  9 3.006255e+02 3.782220e-06 
  10 2.996462e+02 3.782220e-06 
  11 2.994316e+02 3.782220e-06 
  12 2.994237e+02 3.782220e-06 
  13 2.994036e+02 3.782220e-06 
  14 2.993362e+02 3.782220e-06 
  15 2.993350e+02 3.782220e-06 
  16 2.992918e+02 3.782220e-06 
  17 2.992263e+02 3.782220e-06 
  18 2.988654e+02 3.782220e-06 
  19 2.988236e+02 3.782220e-06 
  20 2.985374e+02 3.782220e-06 
  21 2.985130e+02 3.782220e-06 
  22 2.984846e+02 3.782220e-06 
  23 2.984754e+02 3.782220e-06 
  24 2.983993e+02 3.782220e-06 
  25 2.983960e+02 3.782220e-06 
  26 2.981531e+02 3.782220e-06 
  27 2.980826e+02 3.782220e-06 
  28 2.979968e+02 3.782220e-06 
  29 2.979968e+02 3.782220e-06 
  30 2.979924e+02 3.782220e-06 
  31 2.979903e+02 3.782220e-06 
  32 2.979383e+02 3.782220e-06 
  33 2.979088e+02 3.782220e-06 
  34 2.978599e+02 3.782220e-06 
  35 2.977400e+02 3.782220e-06 
  36 2.976729e+02 3.782220e-06 
  37 2.975648e+02 3.782220e-06 
  38 2.974203e+02 3.782220e-06 
  39 2.971154e+02 3.782220e-06 
  40 2.968726e+02 3.782220e-06 
  41 2.967433e+02 3.782220e-06 
  42 2.966180e+02 3.782220e-06 
  43 2.964329e+02 3.782220e-06 
  44 2.963707e+02 3.782220e-06 
  45 2.963704e+02 3.782220e-06 
  46 2.960333e+02 3.782220e-06 
  47 2.955449e+02 3.782220e-06 
  48 2.945840e+02 3.782220e-06 
  49 2.937341e+02 3.782220e-06 
  50 2.932618e+02 3.782220e-06 
  51 2.925217e+02 3.782220e-06 
  52 2.920000e+02 3.782220e-06 
  53 2.914552e+02 3.782220e-06 
  54 2.908991e+02 3.782220e-06 
  55 2.903701e+02 3.782220e-06 
  56 2.899828e+02 3.782220e-06 
  57 2.895664e+02 3.782220e-06 
  58 2.894340e+02 3.782220e-06 
  59 2.893514e+02 3.782220e-06 
  60 2.892785e+02 3.782220e-06 
  61 2.890809e+02 3.782220e-06 
  62 2.887067e+02 3.782220e-06 
  63 2.882345e+02 3.782220e-06 
  64 2.878298e+02 3.782220e-06 
  65 2.869525e+02 3.782220e-06 
  66 2.860191e+02 3.782220e-06 
  67 2.855973e+02 3.782220e-06 
  68 2.848580e+02 3.782220e-06 
  69 2.832493e+02 3.782220e-06 
  70 2.809128e+02 3.782220e-06 
  71 2.780424e+02 3.782220e-06 
  72 2.752304e+02 3.782220e-06 
  73 2.743166e+02 3.782220e-06 
  74 2.731908e+02 3.782220e-06 
  75 2.717703e+02 3.782220e-06 
  76 2.685782e+02 3.782220e-06 
  77 2.660005e+02 3.782220e-06 
  78 2.650638e+02 3.782220e-06 
  79 2.648822e+02 3.782220e-06 
  80 2.646372e+02 3.782220e-06 
  81 2.631383e+02 3.782220e-06 
  82 2.605689e+02 3.782220e-06 
  83 2.552362e+02 3.782220e-06 
  84 2.479812e+02 3.782220e-06 
  85 2.416970e+02 3.782220e-06 
  86 2.363486e+02 3.782220e-06 
  87 2.329025e+02 3.782220e-06 
  88 2.281807e+02 3.782220e-06 
  89 2.227923e+02 3.782220e-06 
  90 2.196908e+02 3.782220e-06 
  91 2.171080e+02 3.782220e-06 
  92 2.082348e+02 3.782220e-06 
  93 1.957302e+02 3.782220e-06 
  94 1.866804e+02 3.782220e-06 
  95 1.793702e+02 3.782220e-06 
  96 1.695365e+02 3.782220e-06 
  97 1.509407e+02 3.782220e-06 
  98 1.400568e+02 3.782220e-06 
  99 1.302445e+02 3.782220e-06 
  100 1.242180e+02 3.782220e-06 
  101 1.191140e+02 3.782220e-06 
  102 1.131106e+02 3.782220e-06 
  103 1.092874e+02 3.782220e-06 
  104 1.044348e+02 3.782220e-06 
  105 9.909462e+01 3.782220e-06 
  106 9.334445e+01 3.782220e-06 
  107 8.724607e+01 3.782220e-06 
  108 8.343004e+01 3.782220e-06 
  109 8.074052e+01 3.782220e-06 
  110 7.790797e+01 3.782220e-06 
  111 7.156927e+01 3.782220e-06 
  112 6.423683e+01 3.782220e-06 
  113 5.780983e+01 3.782220e-06 
  114 5.171399e+01 3.782220e-06 
  115 4.499544e+01 3.782220e-06 
  116 3.655022e+01 3.782220e-06 
  117 3.106486e+01 3.782220e-06 
  118 2.747068e+01 3.782220e-06 
  119 2.358367e+01 3.782220e-06 
  120 1.966704e+01 3.782220e-06 
  121 1.584283e+01 3.782220e-06 
  122 1.207209e+01 3.782220e-06 
  123 9.349726e+00 3.782220e-06 
  124 7.459600e+00 3.782220e-06 
  125 6.624099e+00 3.782220e-06 
  126 6.087737e+00 3.782220e-06 
  127 5.532749e+00 3.782220e-06 
  128 5.038512e+00 3.782220e-06 
  129 4.510632e+00 3.782220e-06 
  130 3.811718e+00 3.782220e-06 
  131 3.193534e+00 3.782220e-06 
  132 2.811118e+00 3.782220e-06 
  133 2.528310e+00 3.782220e-06 
  134 2.164366e+00 3.782220e-06 
  135 1.852168e+00 3.782220e-06 
  136 1.637727e+00 3.782220e-06 
  137 1.442849e+00 3.782220e-06 
  138 1.330370e+00 3.782220e-06 
  139 1.234179e+00 3.782220e-06 
  140 1.143099e+00 3.782220e-06 
  141 1.036020e+00 3.782220e-06 
  142 9.359963e-01 3.782220e-06 
  143 8.335087e-01 3.782220e-06 
  144 7.655420e-01 3.782220e-06 
  145 6.775869e-01 3.782220e-06 
  146 6.041408e-01 3.782220e-06 
  147 5.482906e-01 3.782220e-06 
  148 4.856825e-01 3.782220e-06 
  149 4.344827e-01 3.782220e-06 
  150 3.869524e-01 3.782220e-06 
  151 3.463861e-01 3.782220e-06 
  152 2.992001e-01 3.782220e-06 
  153 2.518616e-01 3.782220e-06 
  154 2.162208e-01 3.782220e-06 
  155 1.883446e-01 3.782220e-06 
  156 1.670735e-01 3.782220e-06 
  157 1.520137e-01 3.782220e-06 
  158 1.359428e-01 3.782220e-06 
  159 1.190794e-01 3.782220e-06 
  160 1.042786e-01 3.782220e-06 
  161 9.046727e-02 3.782220e-06 
  162 7.792144e-02 3.782220e-06 
  163 6.786136e-02 3.782220e-06 
  164 6.062203e-02 3.782220e-06 
  165 5.410506e-02 3.782220e-06 
  166 4.795235e-02 3.782220e-06 
  167 4.085950e-02 3.782220e-06 
  168 3.333752e-02 3.782220e-06 
  169 2.833748e-02 3.782220e-06 
  170 2.431223e-02 3.782220e-06 
  171 1.987441e-02 3.782220e-06 
  172 1.613745e-02 3.782220e-06 
  173 1.344391e-02 3.782220e-06 
  174 1.096828e-02 3.782220e-06 
  175 8.272774e-03 3.782220e-06 
  176 6.308185e-03 3.782220e-06 
  177 4.997332e-03 3.782220e-06 
  178 4.011784e-03 3.782220e-06 
  179 3.311041e-03 3.782220e-06 
  180 2.724029e-03 3.782220e-06 
  181 2.207419e-03 3.782220e-06 
  182 1.756270e-03 3.782220e-06 
  183 1.424820e-03 3.782220e-06 
  184 1.170726e-03 3.782220e-06 
  185 9.748671e-04 3.782220e-06 
  186 8.063787e-04 3.782220e-06 
  187 6.821471e-04 3.782220e-06 
  188 5.582461e-04 3.782220e-06 
  189 4.639323e-04 3.782220e-06 
  190 4.063360e-04 3.782220e-06 
  191 3.443615e-04 3.782220e-06 
  192 2.856579e-04 3.782220e-06 
  193 2.356439e-04 3.782220e-06 
  194 1.939946e-04 3.782220e-06 
  195 1.649383e-04 3.782220e-06 
  196 1.386897e-04 3.782220e-06 
  197 1.112950e-04 3.782220e-06 
  198 9.366942e-05 3.782220e-06 
  199 8.086577e-05 3.782220e-06 
  200 6.710032e-05 3.782220e-06 
  201 5.384261e-05 3.782220e-06 
  202 4.191776e-05 3.782220e-06 
  203 2.998908e-05 3.782220e-06 
  204 2.299305e-05 3.782220e-06 
  205 1.708166e-05 3.782220e-06 
  206 1.363766e-05 3.782220e-06 
  207 1.090915e-05 3.782220e-06 
  208 8.760976e-06 3.782220e-06 
  209 7.275221e-06 3.782220e-06 
  210 6.159531e-06 3.782220e-06 
  211 5.292525e-06 3.782220e-06 
  212 4.415384e-06 3.782220e-06 
  213 3.652658e-06 3.782220e-06 
