Gmres(80) iterations:
  0 6.415935e+03 6.415935e+00 (1.000000e-03)  
  1 5.477180e+01 6.415935e+00 
  2 8.213505e-01 6.415935e+00 
Gmres(80) iterations:
  0 4.992565e+00 3.023091e-07 (6.055186e-08)  
  1 1.119492e-01 3.023091e-07 
  2 2.447534e-03 3.023091e-07 
  3 2.957255e-05 3.023091e-07 
  4 6.595784e-07 3.023091e-07 
  5 1.210405e-08 3.023091e-07 
Gmres(80) iterations:
  0 5.698081e+03 5.698081e+00 (1.000000e-03)  
  1 3.499902e+02 5.698081e+00 
  2 1.404739e+01 5.698081e+00 
  3 1.075598e+00 5.698081e+00 
Gmres(80) iterations:
  0 2.734977e+01 6.300919e-05 (2.303829e-06)  
  1 2.001912e+00 6.300919e-05 
  2 9.250241e-02 6.300919e-05 
  3 4.984251e-03 6.300919e-05 
  4 5.345602e-04 6.300919e-05 
  5 5.253969e-05 6.300919e-05 
Gmres(80) iterations:
  0 1.012469e-01 1.387516e-07 (1.370428e-06)  
  1 2.629839e-03 1.387516e-07 
  2 1.591339e-04 1.387516e-07 
  3 9.818557e-06 1.387516e-07 
  4 4.955185e-07 1.387516e-07 
  5 2.725942e-08 1.387516e-07 
Gmres(80) iterations:
  0 3.298954e+03 3.298954e+00 (1.000000e-03)  
  1 3.604442e+02 3.298954e+00 
  2 2.797690e+01 3.298954e+00 
  3 3.731376e+00 3.298954e+00 
  4 5.413036e-01 3.298954e+00 
Gmres(80) iterations:
  0 3.546497e+01 4.098700e-04 (1.155704e-05)  
  1 1.911339e+00 4.098700e-04 
  2 1.358336e-01 4.098700e-04 
  3 1.599504e-02 4.098700e-04 
  4 1.777066e-03 4.098700e-04 
  5 2.700798e-04 4.098700e-04 
Gmres(80) iterations:
  0 1.356301e-01 1.983666e-07 (1.462557e-06)  
  1 5.450430e-03 1.983666e-07 
  2 4.583201e-04 1.983666e-07 
  3 2.351294e-05 1.983666e-07 
  4 1.761414e-06 1.983666e-07 
  5 2.094217e-07 1.983666e-07 
  6 3.516803e-08 1.983666e-07 
Gmres(80) iterations:
  0 1.407904e+03 1.407904e+00 (1.000000e-03)  
  1 1.961314e+02 1.407904e+00 
  2 2.755156e+01 1.407904e+00 
  3 5.350414e+00 1.407904e+00 
  4 1.194277e+00 1.407904e+00 
Gmres(80) iterations:
  0 2.085989e+01 4.579198e-04 (2.195217e-05)  
  1 2.138757e+00 4.579198e-04 
  2 2.392589e-01 4.579198e-04 
  3 3.028963e-02 4.579198e-04 
  4 5.521532e-03 4.579198e-04 
  5 1.109291e-03 4.579198e-04 
  6 2.183343e-04 4.579198e-04 
Gmres(80) iterations:
  0 2.776228e-02 4.917467e-09 (1.771276e-07)  
  1 1.041919e-03 4.917467e-09 
  2 9.389990e-05 4.917467e-09 
  3 1.022096e-05 4.917467e-09 
  4 1.632395e-06 4.917467e-09 
  5 3.147193e-07 4.917467e-09 
  6 7.254042e-08 4.917467e-09 
  7 7.335558e-09 4.917467e-09 
  8 7.793978e-10 4.917467e-09 
Gmres(80) iterations:
  0 5.638533e+02 5.638533e-01 (1.000000e-03)  
  1 1.717347e+02 5.638533e-01 
  2 3.060064e+01 5.638533e-01 
  3 8.368626e+00 5.638533e-01 
  4 1.869766e+00 5.638533e-01 
  5 3.815241e-01 5.638533e-01 
Gmres(80) iterations:
  0 5.592961e+00 5.502918e-05 (9.839008e-06)  
  1 1.534939e+00 5.502918e-05 
  2 1.710207e-01 5.502918e-05 
  3 2.250973e-02 5.502918e-05 
  4 4.118119e-03 5.502918e-05 
  5 8.486244e-04 5.502918e-05 
  6 1.809827e-04 5.502918e-05 
  7 5.652984e-05 5.502918e-05 
  8 1.475342e-05 5.502918e-05 
Gmres(80) iterations:
  0 2.974425e+02 2.974425e-01 (1.000000e-03)  
  1 2.028661e+02 2.974425e-01 
  2 3.041881e+01 2.974425e-01 
  3 6.996231e+00 2.974425e-01 
  4 2.376282e+00 2.974425e-01 
  5 4.769247e-01 2.974425e-01 
  6 7.955346e-02 2.974425e-01 
Gmres(80) iterations:
  0 2.159297e+00 1.137970e-05 (5.270097e-06)  
  1 8.174034e-01 1.137970e-05 
  2 1.359959e-01 1.137970e-05 
  3 2.120202e-02 1.137970e-05 
  4 3.642340e-03 1.137970e-05 
  5 7.149804e-04 1.137970e-05 
  6 2.213014e-04 1.137970e-05 
  7 7.164543e-05 1.137970e-05 
  8 1.833954e-05 1.137970e-05 
  9 4.129972e-06 1.137970e-05 
Gmres(80) iterations:
  0 2.308619e+02 2.308619e-01 (1.000000e-03)  
  1 2.001900e+02 2.308619e-01 
  2 3.442873e+01 2.308619e-01 
  3 5.758319e+00 2.308619e-01 
  4 1.486263e+00 2.308619e-01 
  5 3.810922e-01 2.308619e-01 
  6 7.584790e-02 2.308619e-01 
Gmres(80) iterations:
  0 9.898734e-01 1.819845e-06 (1.838463e-06)  
  1 2.787805e-01 1.819845e-06 
  2 6.371133e-02 1.819845e-06 
  3 9.811534e-03 1.819845e-06 
  4 2.571213e-03 1.819845e-06 
  5 8.685461e-04 1.819845e-06 
  6 2.826245e-04 1.819845e-06 
  7 5.905614e-05 1.819845e-06 
  8 1.133956e-05 1.819845e-06 
  9 2.617850e-06 1.819845e-06 
  10 6.054994e-07 1.819845e-06 
Gmres(80) iterations:
  0 1.850542e+02 1.850542e-01 (1.000000e-03)  
  1 1.695623e+02 1.850542e-01 
  2 3.438753e+01 1.850542e-01 
  3 6.353885e+00 1.850542e-01 
  4 1.442642e+00 1.850542e-01 
  5 4.221288e-01 1.850542e-01 
  6 1.539096e-01 1.850542e-01 
Gmres(80) iterations:
  0 4.988477e-01 3.624985e-07 (7.266716e-07)  
  1 1.210057e-01 3.624985e-07 
  2 4.224099e-02 3.624985e-07 
  3 7.125132e-03 3.624985e-07 
  4 1.655427e-03 3.624985e-07 
  5 5.108264e-04 3.624985e-07 
  6 1.541027e-04 3.624985e-07 
  7 3.197506e-05 3.624985e-07 
  8 7.969104e-06 3.624985e-07 
  9 1.539992e-06 3.624985e-07 
  10 4.000061e-07 3.624985e-07 
  11 1.681638e-07 3.624985e-07 
Gmres(80) iterations:
  0 1.420734e+02 1.420734e-01 (1.000000e-03)  
  1 1.334372e+02 1.420734e-01 
  2 3.120709e+01 1.420734e-01 
  3 7.251145e+00 1.420734e-01 
  4 2.124204e+00 1.420734e-01 
  5 6.554027e-01 1.420734e-01 
  6 1.694102e-01 1.420734e-01 
  7 4.442838e-02 1.420734e-01 
Gmres(80) iterations:
  0 2.704137e-01 9.796270e-08 (3.622697e-07)  
  1 5.914862e-02 9.796270e-08 
  2 1.690179e-02 9.796270e-08 
  3 5.777681e-03 9.796270e-08 
  4 1.595072e-03 9.796270e-08 
  5 4.712147e-04 9.796270e-08 
  6 1.135470e-04 9.796270e-08 
  7 2.834488e-05 9.796270e-08 
  8 6.209930e-06 9.796270e-08 
  9 1.588096e-06 9.796270e-08 
  10 5.377106e-07 9.796270e-08 
  11 1.428295e-07 9.796270e-08 
  12 3.942091e-08 9.796270e-08 
Gmres(80) iterations:
  0 1.057895e+02 1.057895e-01 (1.000000e-03)  
  1 1.009520e+02 1.057895e-01 
  2 2.745835e+01 1.057895e-01 
  3 7.670900e+00 1.057895e-01 
  4 2.360870e+00 1.057895e-01 
  5 6.239428e-01 1.057895e-01 
  6 1.569835e-01 1.057895e-01 
  7 4.571668e-02 1.057895e-01 
Gmres(80) iterations:
  0 1.816972e-01 5.359939e-08 (2.949929e-07)  
  1 4.401956e-02 5.359939e-08 
  2 9.430372e-03 5.359939e-08 
  3 3.143487e-03 5.359939e-08 
  4 1.029895e-03 5.359939e-08 
  5 2.899412e-04 5.359939e-08 
  6 6.999657e-05 5.359939e-08 
  7 2.411762e-05 5.359939e-08 
  8 6.300297e-06 5.359939e-08 
  9 1.488051e-06 5.359939e-08 
  10 3.976067e-07 5.359939e-08 
  11 9.988548e-08 5.359939e-08 
  12 2.868380e-08 5.359939e-08 
Gmres(80) iterations:
  0 7.667533e+01 7.667533e-02 (1.000000e-03)  
  1 7.406970e+01 7.667533e-02 
  2 2.373224e+01 7.667533e-02 
  3 7.351389e+00 7.667533e-02 
  4 2.225238e+00 7.667533e-02 
  5 5.302051e-01 7.667533e-02 
  6 1.471999e-01 7.667533e-02 
  7 4.516966e-02 7.667533e-02 
Gmres(80) iterations:
  0 1.302234e-01 3.756258e-08 (2.884473e-07)  
  1 3.683581e-02 3.756258e-08 
  2 9.292945e-03 3.756258e-08 
  3 2.784105e-03 3.756258e-08 
  4 8.402853e-04 3.756258e-08 
  5 2.341523e-04 3.756258e-08 
  6 6.663906e-05 3.756258e-08 
  7 1.928280e-05 3.756258e-08 
  8 6.444743e-06 3.756258e-08 
  9 2.463352e-06 3.756258e-08 
  10 1.063529e-06 3.756258e-08 
  11 5.304885e-07 3.756258e-08 
  12 1.155121e-07 3.756258e-08 
  13 2.956842e-08 3.756258e-08 
Gmres(80) iterations:
  0 5.404420e+01 5.404420e-02 (1.000000e-03)  
  1 5.280170e+01 5.404420e-02 
  2 1.993601e+01 5.404420e-02 
  3 6.511806e+00 5.404420e-02 
  4 1.967971e+00 5.404420e-02 
  5 4.494568e-01 5.404420e-02 
  6 1.393575e-01 5.404420e-02 
  7 4.281418e-02 5.404420e-02 
Gmres(80) iterations:
  0 9.517654e-02 2.951832e-08 (3.101428e-07)  
  1 3.109038e-02 2.951832e-08 
  2 9.465375e-03 2.951832e-08 
  3 3.029586e-03 2.951832e-08 
  4 9.182548e-04 2.951832e-08 
  5 2.267408e-04 2.951832e-08 
  6 7.342447e-05 2.951832e-08 
  7 2.290358e-05 2.951832e-08 
  8 7.704216e-06 2.951832e-08 
  9 3.648126e-06 2.951832e-08 
  10 1.401358e-06 2.951832e-08 
  11 5.288808e-07 2.951832e-08 
  12 1.274333e-07 2.951832e-08 
  13 3.679705e-08 2.951832e-08 
  14 9.789174e-09 2.951832e-08 
Gmres(80) iterations:
  0 3.718720e+01 3.718720e-02 (1.000000e-03)  
  1 3.671846e+01 3.718720e-02 
  2 1.625390e+01 3.718720e-02 
  3 5.501880e+00 3.718720e-02 
  4 1.696953e+00 3.718720e-02 
  5 3.858915e-01 3.718720e-02 
  6 1.304219e-01 3.718720e-02 
  7 3.968064e-02 3.718720e-02 
  8 1.366349e-02 3.718720e-02 
Gmres(80) iterations:
  0 7.603079e-02 3.178202e-08 (4.180151e-07)  
  1 2.752023e-02 3.178202e-08 
  2 7.050716e-03 3.178202e-08 
  3 2.370533e-03 3.178202e-08 
  4 7.138110e-04 3.178202e-08 
  5 1.742616e-04 3.178202e-08 
  6 6.193621e-05 3.178202e-08 
  7 1.974004e-05 3.178202e-08 
  8 5.946377e-06 3.178202e-08 
  9 2.072803e-06 3.178202e-08 
  10 9.850033e-07 3.178202e-08 
  11 4.722961e-07 3.178202e-08 
  12 1.225840e-07 3.178202e-08 
  13 3.850815e-08 3.178202e-08 
  14 8.460785e-09 3.178202e-08 
Gmres(80) iterations:
  0 2.523265e+01 2.523265e-02 (1.000000e-03)  
  1 2.511767e+01 2.523265e-02 
  2 1.297005e+01 2.523265e-02 
  3 4.545248e+00 2.523265e-02 
  4 1.441053e+00 2.523265e-02 
  5 3.336290e-01 2.523265e-02 
  6 1.196046e-01 2.523265e-02 
  7 3.633575e-02 2.523265e-02 
  8 1.262226e-02 2.523265e-02 
Gmres(80) iterations:
  0 4.414267e-02 1.350984e-08 (3.060494e-07)  
  1 2.644117e-02 1.350984e-08 
  2 5.103003e-03 1.350984e-08 
  3 2.205144e-03 1.350984e-08 
  4 7.113704e-04 1.350984e-08 
  5 1.828386e-04 1.350984e-08 
  6 6.094699e-05 1.350984e-08 
  7 2.026631e-05 1.350984e-08 
  8 6.564889e-06 1.350984e-08 
  9 2.549232e-06 1.350984e-08 
  10 1.011578e-06 1.350984e-08 
  11 4.904013e-07 1.350984e-08 
  12 1.355087e-07 1.350984e-08 
  13 4.233499e-08 1.350984e-08 
  14 9.150733e-09 1.350984e-08 
Gmres(80) iterations:
  0 1.710642e+01 1.710642e-02 (1.000000e-03)  
  1 1.709799e+01 1.710642e-02 
  2 1.021573e+01 1.710642e-02 
  3 3.725191e+00 1.710642e-02 
  4 1.210562e+00 1.710642e-02 
  5 2.890083e-01 1.710642e-02 
  6 1.077280e-01 1.710642e-02 
  7 3.303187e-02 1.710642e-02 
  8 1.144615e-02 1.710642e-02 
Gmres(80) iterations:
  0 3.176819e-02 1.095617e-08 (3.448787e-07)  
  1 1.086725e-02 1.095617e-08 
  2 3.905180e-03 1.095617e-08 
  3 1.877802e-03 1.095617e-08 
  4 5.703040e-04 1.095617e-08 
  5 1.426702e-04 1.095617e-08 
  6 5.449739e-05 1.095617e-08 
  7 1.751809e-05 1.095617e-08 
  8 6.197363e-06 1.095617e-08 
  9 2.102624e-06 1.095617e-08 
  10 6.358547e-07 1.095617e-08 
  11 3.616532e-07 1.095617e-08 
  12 1.222590e-07 1.095617e-08 
  13 3.578531e-08 1.095617e-08 
  14 7.446106e-09 1.095617e-08 
Gmres(80) iterations:
  0 1.173499e+01 1.173499e-02 (1.000000e-03)  
  1 1.169677e+01 1.173499e-02 
  2 8.683502e+00 1.173499e-02 
  3 3.433967e+00 1.173499e-02 
  4 1.157609e+00 1.173499e-02 
  5 2.946937e-01 1.173499e-02 
  6 1.156119e-01 1.173499e-02 
  7 3.704453e-02 1.173499e-02 
  8 1.293847e-02 1.173499e-02 
  9 3.925814e-03 1.173499e-02 
Gmres(80) iterations:
  0 2.574332e-02 1.238877e-08 (4.812421e-07)  
  1 1.081879e-02 1.238877e-08 
  2 2.597619e-03 1.238877e-08 
  3 1.181858e-03 1.238877e-08 
  4 4.610530e-04 1.238877e-08 
  5 1.770025e-04 1.238877e-08 
  6 7.119852e-05 1.238877e-08 
  7 1.998557e-05 1.238877e-08 
  8 6.005429e-06 1.238877e-08 
  9 1.992672e-06 1.238877e-08 
  10 9.266668e-07 1.238877e-08 
  11 5.380674e-07 1.238877e-08 
  12 1.675911e-07 1.238877e-08 
  13 7.022812e-08 1.238877e-08 
  14 1.825497e-08 1.238877e-08 
  15 4.359830e-09 1.238877e-08 
Gmres(80) iterations:
  0 8.013459e+00 8.013459e-03 (1.000000e-03)  
  1 7.842880e+00 8.013459e-03 
  2 7.189357e+00 8.013459e-03 
  3 3.451844e+00 8.013459e-03 
  4 1.239852e+00 8.013459e-03 
  5 3.412380e-01 8.013459e-03 
  6 1.392744e-01 8.013459e-03 
  7 4.900214e-02 8.013459e-03 
  8 1.767264e-02 8.013459e-03 
  9 5.695550e-03 8.013459e-03 
Gmres(80) iterations:
  0 3.791892e-02 8.490391e-08 (2.239091e-06)  
  1 3.559213e-02 8.490391e-08 
  2 1.102930e-02 8.490391e-08 
  3 2.680852e-03 8.490391e-08 
  4 1.092275e-03 8.490391e-08 
  5 5.100112e-04 8.490391e-08 
  6 2.130809e-04 8.490391e-08 
  7 7.817937e-05 8.490391e-08 
  8 2.839868e-05 8.490391e-08 
  9 1.352246e-05 8.490391e-08 
  10 8.018598e-06 8.490391e-08 
  11 2.964723e-06 8.490391e-08 
  12 8.578409e-07 8.490391e-08 
  13 3.425796e-07 8.490391e-08 
  14 1.259249e-07 8.490391e-08 
  15 3.555211e-08 8.490391e-08 
Gmres(80) iterations:
  0 5.345773e+00 5.345773e-03 (1.000000e-03)  
  1 5.128505e+00 5.345773e-03 
  2 5.086645e+00 5.345773e-03 
  3 3.173176e+00 5.345773e-03 
  4 1.290272e+00 5.345773e-03 
  5 3.808979e-01 5.345773e-03 
  6 1.535894e-01 5.345773e-03 
  7 6.057912e-02 5.345773e-03 
  8 2.253859e-02 5.345773e-03 
  9 7.722658e-03 5.345773e-03 
  10 3.379358e-03 5.345773e-03 
Gmres(80) iterations:
  0 2.708165e-02 6.950314e-08 (2.566429e-06)  
  1 1.709257e-02 6.950314e-08 
  2 4.134590e-03 6.950314e-08 
  3 1.790376e-03 6.950314e-08 
  4 1.411176e-03 6.950314e-08 
  5 6.536042e-04 6.950314e-08 
  6 2.469669e-04 6.950314e-08 
  7 1.166568e-04 6.950314e-08 
  8 5.308767e-05 6.950314e-08 
  9 2.690299e-05 6.950314e-08 
  10 1.348297e-05 6.950314e-08 
  11 5.364539e-06 6.950314e-08 
  12 1.930746e-06 6.950314e-08 
  13 1.058986e-06 6.950314e-08 
  14 3.189589e-07 6.950314e-08 
  15 8.808291e-08 6.950314e-08 
  16 3.675870e-08 6.950314e-08 
Gmres(80) iterations:
  0 3.507303e+00 3.507303e-03 (1.000000e-03)  
  1 3.322077e+00 3.507303e-03 
  2 3.318479e+00 3.507303e-03 
  3 2.554797e+00 3.507303e-03 
  4 1.284632e+00 3.507303e-03 
  5 4.225798e-01 3.507303e-03 
  6 1.697234e-01 3.507303e-03 
  7 7.591266e-02 3.507303e-03 
  8 2.765356e-02 3.507303e-03 
  9 9.377414e-03 3.507303e-03 
  10 3.683686e-03 3.507303e-03 
  11 1.692870e-03 3.507303e-03 
Gmres(80) iterations:
  0 2.714780e-02 1.626514e-07 (5.991326e-06)  
  1 1.904738e-02 1.626514e-07 
  2 5.366091e-03 1.626514e-07 
  3 3.152637e-03 1.626514e-07 
  4 2.457664e-03 1.626514e-07 
  5 1.039292e-03 1.626514e-07 
  6 4.884354e-04 1.626514e-07 
  7 2.632059e-04 1.626514e-07 
  8 1.115879e-04 1.626514e-07 
  9 5.135390e-05 1.626514e-07 
  10 2.235956e-05 1.626514e-07 
  11 9.114585e-06 1.626514e-07 
  12 3.903253e-06 1.626514e-07 
  13 2.504132e-06 1.626514e-07 
  14 8.423510e-07 1.626514e-07 
  15 2.689536e-07 1.626514e-07 
  16 1.027487e-07 1.626514e-07 
Gmres(80) iterations:
  0 2.274645e+00 2.274645e-03 (1.000000e-03)  
  1 2.147588e+00 2.274645e-03 
  2 2.131339e+00 2.274645e-03 
  3 1.847197e+00 2.274645e-03 
  4 1.179056e+00 2.274645e-03 
  5 4.685130e-01 2.274645e-03 
  6 2.073510e-01 2.274645e-03 
  7 1.039398e-01 2.274645e-03 
  8 3.895625e-02 2.274645e-03 
  9 1.467279e-02 2.274645e-03 
  10 6.228325e-03 2.274645e-03 
  11 3.116821e-03 2.274645e-03 
  12 2.704190e-03 2.274645e-03 
  13 2.408688e-03 2.274645e-03 
  14 1.662049e-03 2.274645e-03 
Gmres(80) iterations:
  0 2.721776e-02 3.896996e-07 (1.431784e-05)  
  1 1.985096e-02 3.896996e-07 
  2 5.969342e-03 3.896996e-07 
  3 2.884689e-03 3.896996e-07 
  4 2.104265e-03 3.896996e-07 
  5 1.039875e-03 3.896996e-07 
  6 5.134017e-04 3.896996e-07 
  7 2.818641e-04 3.896996e-07 
  8 1.435727e-04 3.896996e-07 
  9 8.299968e-05 3.896996e-07 
  10 5.064840e-05 3.896996e-07 
  11 2.091031e-05 3.896996e-07 
  12 7.922136e-06 3.896996e-07 
  13 4.684903e-06 3.896996e-07 
  14 2.053720e-06 3.896996e-07 
  15 8.240460e-07 3.896996e-07 
  16 3.725437e-07 3.896996e-07 
Gmres(80) iterations:
  0 1.467415e+00 1.467415e-03 (1.000000e-03)  
  1 1.393714e+00 1.467415e-03 
  2 1.381139e+00 1.467415e-03 
  3 1.273930e+00 1.467415e-03 
  4 9.763805e-01 1.467415e-03 
  5 4.886887e-01 1.467415e-03 
  6 2.508995e-01 1.467415e-03 
  7 1.341582e-01 1.467415e-03 
  8 5.445635e-02 1.467415e-03 
  9 2.337657e-02 1.467415e-03 
  10 1.175029e-02 1.467415e-03 
  11 5.910083e-03 1.467415e-03 
  12 4.826631e-03 1.467415e-03 
  13 3.843803e-03 1.467415e-03 
  14 2.602768e-03 1.467415e-03 
  15 1.490566e-03 1.467415e-03 
  16 7.411518e-04 1.467415e-03 
Gmres(80) iterations:
  0 2.681698e-02 8.956197e-07 (3.339749e-05)  
  1 1.945412e-02 8.956197e-07 
  2 7.519696e-03 8.956197e-07 
  3 3.526478e-03 8.956197e-07 
  4 1.971473e-03 8.956197e-07 
  5 8.558871e-04 8.956197e-07 
  6 4.123652e-04 8.956197e-07 
  7 1.975308e-04 8.956197e-07 
  8 1.070394e-04 8.956197e-07 
  9 7.060704e-05 8.956197e-07 
  10 5.359648e-05 8.956197e-07 
  11 4.287340e-05 8.956197e-07 
  12 3.414742e-05 8.956197e-07 
  13 1.864373e-05 8.956197e-07 
  14 6.048545e-06 8.956197e-07 
  15 2.372826e-06 8.956197e-07 
  16 1.316666e-06 8.956197e-07 
  17 6.013424e-07 8.956197e-07 
Gmres(80) iterations:
  0 9.469942e-01 9.469942e-04 (1.000000e-03)  
  1 9.099046e-01 9.469942e-04 
  2 9.044018e-01 9.469942e-04 
  3 8.645534e-01 9.469942e-04 
  4 7.409832e-01 9.469942e-04 
  5 4.513605e-01 9.469942e-04 
  6 2.638866e-01 9.469942e-04 
  7 1.508297e-01 9.469942e-04 
  8 6.885910e-02 9.469942e-04 
  9 3.287287e-02 9.469942e-04 
  10 1.740364e-02 9.469942e-04 
  11 8.639483e-03 9.469942e-04 
  12 6.596513e-03 9.469942e-04 
  13 4.982779e-03 9.469942e-04 
  14 3.573099e-03 9.469942e-04 
  15 2.371178e-03 9.469942e-04 
  16 1.366492e-03 9.469942e-04 
  17 6.232060e-04 9.469942e-04 
Gmres(80) iterations:
  0 2.615033e-02 1.994054e-06 (7.625349e-05)  
  1 1.806126e-02 1.994054e-06 
  2 8.416088e-03 1.994054e-06 
  3 4.323266e-03 1.994054e-06 
  4 2.400730e-03 1.994054e-06 
  5 1.196083e-03 1.994054e-06 
  6 7.233092e-04 1.994054e-06 
  7 4.037912e-04 1.994054e-06 
  8 2.813293e-04 1.994054e-06 
  9 2.327845e-04 1.994054e-06 
  10 2.009685e-04 1.994054e-06 
  11 1.588999e-04 1.994054e-06 
  12 9.266374e-05 1.994054e-06 
  13 3.823478e-05 1.994054e-06 
  14 1.304899e-05 1.994054e-06 
  15 6.118261e-06 1.994054e-06 
  16 3.570068e-06 1.994054e-06 
  17 1.446509e-06 1.994054e-06 
Gmres(80) iterations:
  0 6.038503e-01 6.038503e-04 (1.000000e-03)  
  1 5.867007e-01 6.038503e-04 
  2 5.850085e-01 6.038503e-04 
  3 5.709055e-01 6.038503e-04 
  4 5.227793e-01 6.038503e-04 
  5 3.673148e-01 6.038503e-04 
  6 2.382600e-01 6.038503e-04 
  7 1.546507e-01 6.038503e-04 
  8 8.107362e-02 6.038503e-04 
  9 4.081645e-02 6.038503e-04 
  10 2.245140e-02 6.038503e-04 
  11 1.178332e-02 6.038503e-04 
  12 8.418337e-03 6.038503e-04 
  13 6.230521e-03 6.038503e-04 
  14 4.640452e-03 6.038503e-04 
  15 3.512748e-03 6.038503e-04 
  16 2.448016e-03 6.038503e-04 
  17 1.272133e-03 6.038503e-04 
  18 6.055193e-04 6.038503e-04 
  19 3.487875e-04 6.038503e-04 
Gmres(80) iterations:
  0 2.400017e-02 3.791268e-06 (1.579684e-04)  
  1 1.478378e-02 3.791268e-06 
  2 7.819618e-03 3.791268e-06 
  3 4.239133e-03 3.791268e-06 
  4 2.469546e-03 3.791268e-06 
  5 1.246912e-03 3.791268e-06 
  6 8.178124e-04 3.791268e-06 
  7 4.530022e-04 3.791268e-06 
  8 2.374418e-04 3.791268e-06 
  9 1.738540e-04 3.791268e-06 
  10 1.548551e-04 3.791268e-06 
  11 1.497261e-04 3.791268e-06 
  12 1.376929e-04 3.791268e-06 
  13 7.831644e-05 3.791268e-06 
  14 2.884438e-05 3.791268e-06 
  15 1.576540e-05 3.791268e-06 
  16 8.038451e-06 3.791268e-06 
  17 3.686199e-06 3.791268e-06 
Gmres(80) iterations:
  0 3.665547e-01 3.665547e-04 (1.000000e-03)  
  1 3.591082e-01 3.665547e-04 
  2 3.587154e-01 3.665547e-04 
  3 3.541273e-01 3.665547e-04 
  4 3.385441e-01 3.665547e-04 
  5 2.691177e-01 3.665547e-04 
  6 2.025861e-01 3.665547e-04 
  7 1.650215e-01 3.665547e-04 
  8 9.303423e-02 3.665547e-04 
  9 4.715985e-02 3.665547e-04 
  10 2.778480e-02 3.665547e-04 
  11 1.607359e-02 3.665547e-04 
  12 1.114736e-02 3.665547e-04 
  13 8.501757e-03 3.665547e-04 
  14 6.471630e-03 3.665547e-04 
  15 5.552792e-03 3.665547e-04 
  16 4.526917e-03 3.665547e-04 
  17 2.602387e-03 3.665547e-04 
  18 1.416451e-03 3.665547e-04 
  19 9.047594e-04 3.665547e-04 
  20 4.056675e-04 3.665547e-04 
  21 1.979065e-04 3.665547e-04 
Gmres(80) iterations:
  0 1.956674e-02 5.575420e-06 (2.849438e-04)  
  1 1.005611e-02 5.575420e-06 
  2 5.936368e-03 5.575420e-06 
  3 3.338397e-03 5.575420e-06 
  4 2.057631e-03 5.575420e-06 
  5 1.131232e-03 5.575420e-06 
  6 8.078987e-04 5.575420e-06 
  7 5.051384e-04 5.575420e-06 
  8 2.418194e-04 5.575420e-06 
  9 1.208465e-04 5.575420e-06 
  10 4.865441e-05 5.575420e-06 
  11 2.714106e-05 5.575420e-06 
  12 2.244437e-05 5.575420e-06 
  13 2.023182e-05 5.575420e-06 
  14 1.780640e-05 5.575420e-06 
  15 1.508629e-05 5.575420e-06 
  16 9.957452e-06 5.575420e-06 
  17 6.121205e-06 5.575420e-06 
  18 4.079452e-06 5.575420e-06 
Gmres(80) iterations:
  0 4.077852e-06 1.771159e-14 (4.343363e-09)  
  1 3.363943e-06 1.771159e-14 
  2 2.911707e-06 1.771159e-14 
  3 2.425088e-06 1.771159e-14 
  4 2.161391e-06 1.771159e-14 
  5 2.019382e-06 1.771159e-14 
  6 1.846192e-06 1.771159e-14 
  7 1.093193e-06 1.771159e-14 
  8 6.929048e-07 1.771159e-14 
  9 4.408736e-07 1.771159e-14 
  10 1.948444e-07 1.771159e-14 
  11 8.238059e-08 1.771159e-14 
  12 3.615378e-08 1.771159e-14 
  13 1.708235e-08 1.771159e-14 
  14 9.608673e-09 1.771159e-14 
  15 4.284897e-09 1.771159e-14 
  16 2.091180e-09 1.771159e-14 
  17 9.844822e-10 1.771159e-14 
  18 4.567078e-10 1.771159e-14 
  19 2.130304e-10 1.771159e-14 
  20 9.484659e-11 1.771159e-14 
  21 4.021913e-11 1.771159e-14 
  22 2.064687e-11 1.771159e-14 
  23 1.276122e-11 1.771159e-14 
  24 5.412749e-12 1.771159e-14 
  25 2.514486e-12 1.771159e-14 
  26 1.525946e-12 1.771159e-14 
  27 8.811052e-13 1.771159e-14 
  28 4.827160e-13 1.771159e-14 
  29 2.587416e-13 1.771159e-14 
  30 1.222409e-13 1.771159e-14 
  31 5.917107e-14 1.771159e-14 
  32 2.503307e-14 1.771159e-14 
  33 1.423981e-14 1.771159e-14 
Gmres(80) iterations:
  0 2.036489e-01 2.036489e-04 (1.000000e-03)  
  1 2.012679e-01 2.036489e-04 
  2 2.012434e-01 2.036489e-04 
  3 1.996251e-01 2.036489e-04 
  4 1.945908e-01 2.036489e-04 
  5 1.630053e-01 2.036489e-04 
  6 1.352535e-01 2.036489e-04 
  7 1.171676e-01 2.036489e-04 
  8 6.175710e-02 2.036489e-04 
  9 3.391957e-02 2.036489e-04 
  10 2.203230e-02 2.036489e-04 
  11 1.413303e-02 2.036489e-04 
  12 1.112043e-02 2.036489e-04 
  13 9.112886e-03 2.036489e-04 
  14 7.029587e-03 2.036489e-04 
  15 6.188622e-03 2.036489e-04 
  16 4.683590e-03 2.036489e-04 
  17 2.529031e-03 2.036489e-04 
  18 1.451590e-03 2.036489e-04 
  19 8.157064e-04 2.036489e-04 
  20 3.194324e-04 2.036489e-04 
  21 1.498437e-04 2.036489e-04 
Gmres(80) iterations:
  0 1.034827e-02 2.672017e-06 (2.582090e-04)  
  1 3.847013e-03 2.672017e-06 
  2 2.339129e-03 2.672017e-06 
  3 1.335615e-03 2.672017e-06 
  4 8.692939e-04 2.672017e-06 
  5 5.073529e-04 2.672017e-06 
  6 3.573003e-04 2.672017e-06 
  7 2.384914e-04 2.672017e-06 
  8 1.358074e-04 2.672017e-06 
  9 7.166521e-05 2.672017e-06 
  10 2.904732e-05 2.672017e-06 
  11 1.327170e-05 2.672017e-06 
  12 5.906452e-06 2.672017e-06 
  13 3.785719e-06 2.672017e-06 
  14 2.005217e-06 2.672017e-06 
Gmres(80) iterations:
  0 1.169284e-01 1.169284e-04 (1.000000e-03)  
  1 1.161244e-01 1.169284e-04 
  2 1.161232e-01 1.169284e-04 
  3 1.154598e-01 1.169284e-04 
  4 1.135659e-01 1.169284e-04 
  5 1.004733e-01 1.169284e-04 
  6 8.960125e-02 1.169284e-04 
  7 7.323758e-02 1.169284e-04 
  8 3.837146e-02 1.169284e-04 
  9 2.496638e-02 1.169284e-04 
  10 1.772721e-02 1.169284e-04 
  11 1.270224e-02 1.169284e-04 
  12 1.134977e-02 1.169284e-04 
  13 9.503304e-03 1.169284e-04 
  14 7.197260e-03 1.169284e-04 
  15 6.097540e-03 1.169284e-04 
  16 3.760679e-03 1.169284e-04 
  17 1.889373e-03 1.169284e-04 
  18 1.138271e-03 1.169284e-04 
  19 5.581321e-04 1.169284e-04 
  20 2.104514e-04 1.169284e-04 
  21 9.672541e-05 1.169284e-04 
Gmres(80) iterations:
  0 6.108308e-03 1.666952e-06 (2.728991e-04)  
  1 1.482106e-03 1.666952e-06 
  2 9.113035e-04 1.666952e-06 
  3 5.541447e-04 1.666952e-06 
  4 3.655545e-04 1.666952e-06 
  5 2.200158e-04 1.666952e-06 
  6 1.546476e-04 1.666952e-06 
  7 9.906207e-05 1.666952e-06 
  8 6.535710e-05 1.666952e-06 
  9 3.777307e-05 1.666952e-06 
  10 1.687561e-05 1.666952e-06 
  11 8.056116e-06 1.666952e-06 
  12 4.171934e-06 1.666952e-06 
  13 3.737207e-06 1.666952e-06 
  14 3.351989e-06 1.666952e-06 
  15 3.166430e-06 1.666952e-06 
  16 3.038653e-06 1.666952e-06 
  17 2.228011e-06 1.666952e-06 
  18 1.360179e-06 1.666952e-06 
Gmres(80) iterations:
  0 1.360232e-06 6.745242e-15 (4.958889e-09)  
  1 1.121620e-06 6.745242e-15 
  2 9.547195e-07 6.745242e-15 
  3 6.774742e-07 6.745242e-15 
  4 5.580544e-07 6.745242e-15 
  5 4.697511e-07 6.745242e-15 
  6 3.348624e-07 6.745242e-15 
  7 2.528139e-07 6.745242e-15 
  8 1.589297e-07 6.745242e-15 
  9 9.468908e-08 6.745242e-15 
  10 5.022224e-08 6.745242e-15 
  11 2.256751e-08 6.745242e-15 
  12 1.227367e-08 6.745242e-15 
  13 6.866928e-09 6.745242e-15 
  14 4.198477e-09 6.745242e-15 
  15 2.334051e-09 6.745242e-15 
  16 1.145554e-09 6.745242e-15 
  17 4.679851e-10 6.745242e-15 
  18 2.090841e-10 6.745242e-15 
  19 8.202643e-11 6.745242e-15 
  20 4.622682e-11 6.745242e-15 
  21 2.551653e-11 6.745242e-15 
  22 1.100977e-11 6.745242e-15 
  23 4.511958e-12 6.745242e-15 
  24 2.497860e-12 6.745242e-15 
  25 1.109067e-12 6.745242e-15 
  26 6.551886e-13 6.745242e-15 
  27 3.056069e-13 6.745242e-15 
  28 1.582808e-13 6.745242e-15 
  29 1.022667e-13 6.745242e-15 
  30 5.795951e-14 6.745242e-15 
  31 2.859197e-14 6.745242e-15 
  32 1.174151e-14 6.745242e-15 
  33 4.668926e-15 6.745242e-15 
Gmres(80) iterations:
  0 7.170737e-02 7.170737e-05 (1.000000e-03)  
  1 7.134987e-02 7.170737e-05 
  2 7.133971e-02 7.170737e-05 
  3 7.102283e-02 7.170737e-05 
  4 7.002314e-02 7.170737e-05 
  5 6.437898e-02 7.170737e-05 
  6 5.931865e-02 7.170737e-05 
  7 4.566857e-02 7.170737e-05 
  8 2.706008e-02 7.170737e-05 
  9 2.041035e-02 7.170737e-05 
  10 1.586446e-02 7.170737e-05 
  11 1.254061e-02 7.170737e-05 
  12 1.188496e-02 7.170737e-05 
  13 9.561338e-03 7.170737e-05 
  14 6.868117e-03 7.170737e-05 
  15 5.493522e-03 7.170737e-05 
  16 2.803087e-03 7.170737e-05 
  17 1.372129e-03 7.170737e-05 
  18 8.632588e-04 7.170737e-05 
  19 3.853369e-04 7.170737e-05 
  20 1.468924e-04 7.170737e-05 
  21 6.749986e-05 7.170737e-05 
Gmres(80) iterations:
  0 3.778922e-03 1.049485e-06 (2.777208e-04)  
  1 7.105080e-04 1.049485e-06 
  2 4.357830e-04 1.049485e-06 
  3 3.038427e-04 1.049485e-06 
  4 2.065203e-04 1.049485e-06 
  5 1.189147e-04 1.049485e-06 
  6 8.229413e-05 1.049485e-06 
  7 4.556302e-05 1.049485e-06 
  8 3.240687e-05 1.049485e-06 
  9 2.186001e-05 1.049485e-06 
  10 1.081113e-05 1.049485e-06 
  11 5.049636e-06 1.049485e-06 
  12 2.808401e-06 1.049485e-06 
  13 2.512426e-06 1.049485e-06 
  14 2.239970e-06 1.049485e-06 
  15 1.997826e-06 1.049485e-06 
  16 1.795497e-06 1.049485e-06 
  17 1.184896e-06 1.049485e-06 
  18 7.555206e-07 1.049485e-06 
Gmres(80) iterations:
  0 7.555353e-07 3.020149e-15 (3.997363e-09)  
  1 5.988534e-07 3.020149e-15 
  2 5.495034e-07 3.020149e-15 
  3 4.415888e-07 3.020149e-15 
  4 3.315776e-07 3.020149e-15 
  5 3.067289e-07 3.020149e-15 
  6 2.436075e-07 3.020149e-15 
  7 1.790043e-07 3.020149e-15 
  8 1.180685e-07 3.020149e-15 
  9 7.113429e-08 3.020149e-15 
  10 3.861278e-08 3.020149e-15 
  11 2.183524e-08 3.020149e-15 
  12 1.533846e-08 3.020149e-15 
  13 9.492347e-09 3.020149e-15 
  14 5.029748e-09 3.020149e-15 
  15 2.746279e-09 3.020149e-15 
  16 1.155464e-09 3.020149e-15 
  17 5.805932e-10 3.020149e-15 
  18 2.828149e-10 3.020149e-15 
  19 1.180037e-10 3.020149e-15 
  20 5.703674e-11 3.020149e-15 
  21 3.142130e-11 3.020149e-15 
  22 1.318371e-11 3.020149e-15 
  23 4.680276e-12 3.020149e-15 
  24 2.402847e-12 3.020149e-15 
  25 9.127018e-13 3.020149e-15 
  26 5.327672e-13 3.020149e-15 
  27 2.282120e-13 3.020149e-15 
  28 9.922594e-14 3.020149e-15 
  29 4.677654e-14 3.020149e-15 
  30 2.631414e-14 3.020149e-15 
  31 1.733166e-14 3.020149e-15 
  32 1.130509e-14 3.020149e-15 
  33 6.069746e-15 3.020149e-15 
  34 2.640189e-15 3.020149e-15 
Gmres(80) iterations:
  0 4.696679e-02 4.696679e-05 (1.000000e-03)  
  1 4.673593e-02 4.696679e-05 
  2 4.668412e-02 4.696679e-05 
  3 4.651437e-02 4.696679e-05 
  4 4.580436e-02 4.696679e-05 
  5 4.299197e-02 4.696679e-05 
  6 4.022271e-02 4.696679e-05 
  7 3.105948e-02 4.696679e-05 
  8 2.133445e-02 4.696679e-05 
  9 1.783236e-02 4.696679e-05 
  10 1.502843e-02 4.696679e-05 
  11 1.257181e-02 4.696679e-05 
  12 1.206592e-02 4.696679e-05 
  13 8.975989e-03 4.696679e-05 
  14 6.125162e-03 4.696679e-05 
  15 4.634380e-03 4.696679e-05 
  16 2.110533e-03 4.696679e-05 
  17 1.019555e-03 4.696679e-05 
  18 6.537461e-04 4.696679e-05 
  19 2.743727e-04 4.696679e-05 
  20 1.064780e-04 4.696679e-05 
  21 4.980192e-05 4.696679e-05 
  22 2.135055e-05 4.696679e-05 
Gmres(80) iterations:
  0 2.234656e-03 5.058834e-07 (2.263809e-04)  
  1 4.133735e-04 5.058834e-07 
  2 2.368606e-04 5.058834e-07 
  3 1.876515e-04 5.058834e-07 
  4 1.316344e-04 5.058834e-07 
  5 6.944057e-05 5.058834e-07 
  6 4.702487e-05 5.058834e-07 
  7 2.557819e-05 5.058834e-07 
  8 1.689486e-05 5.058834e-07 
  9 1.316253e-05 5.058834e-07 
  10 7.645185e-06 5.058834e-07 
  11 3.257821e-06 5.058834e-07 
  12 1.431276e-06 5.058834e-07 
  13 7.349956e-07 5.058834e-07 
  14 4.823526e-07 5.058834e-07 
Gmres(80) iterations:
  0 4.823495e-07 2.247316e-15 (4.659103e-09)  
  1 4.319957e-07 2.247316e-15 
  2 4.241099e-07 2.247316e-15 
  3 3.986256e-07 2.247316e-15 
  4 3.658576e-07 2.247316e-15 
  5 3.280582e-07 2.247316e-15 
  6 2.546096e-07 2.247316e-15 
  7 1.324502e-07 2.247316e-15 
  8 8.594457e-08 2.247316e-15 
  9 5.647278e-08 2.247316e-15 
  10 3.396053e-08 2.247316e-15 
  11 2.287462e-08 2.247316e-15 
  12 1.455283e-08 2.247316e-15 
  13 8.476383e-09 2.247316e-15 
  14 5.076627e-09 2.247316e-15 
  15 2.804736e-09 2.247316e-15 
  16 9.714067e-10 2.247316e-15 
  17 4.949716e-10 2.247316e-15 
  18 2.918155e-10 2.247316e-15 
  19 1.498232e-10 2.247316e-15 
  20 7.269333e-11 2.247316e-15 
  21 3.591152e-11 2.247316e-15 
  22 1.506494e-11 2.247316e-15 
  23 5.568916e-12 2.247316e-15 
  24 2.609763e-12 2.247316e-15 
  25 1.280264e-12 2.247316e-15 
  26 6.066254e-13 2.247316e-15 
  27 2.806823e-13 2.247316e-15 
  28 1.620791e-13 2.247316e-15 
  29 8.522178e-14 2.247316e-15 
  30 4.520063e-14 2.247316e-15 
  31 1.944199e-14 2.247316e-15 
  32 6.877089e-15 2.247316e-15 
  33 3.712282e-15 2.247316e-15 
  34 1.802033e-15 2.247316e-15 
Gmres(80) iterations:
  0 3.279432e-02 3.279432e-05 (1.000000e-03)  
  1 3.259565e-02 3.279432e-05 
  2 3.247743e-02 3.279432e-05 
  3 3.238320e-02 3.279432e-05 
  4 3.182067e-02 3.279432e-05 
  5 3.023790e-02 3.279432e-05 
  6 2.864879e-02 3.279432e-05 
  7 2.312779e-02 3.279432e-05 
  8 1.794222e-02 3.279432e-05 
  9 1.608778e-02 3.279432e-05 
  10 1.428234e-02 3.279432e-05 
  11 1.224094e-02 3.279432e-05 
  12 1.168644e-02 3.279432e-05 
  13 7.991766e-03 3.279432e-05 
  14 5.294111e-03 3.279432e-05 
  15 3.762673e-03 3.279432e-05 
  16 1.651565e-03 3.279432e-05 
  17 7.828428e-04 3.279432e-05 
  18 5.005798e-04 3.279432e-05 
  19 2.028494e-04 3.279432e-05 
  20 7.921307e-05 3.279432e-05 
  21 3.785631e-05 3.279432e-05 
  22 1.682036e-05 3.279432e-05 
Gmres(80) iterations:
  0 1.290677e-03 1.999197e-07 (1.548952e-04)  
  1 2.708638e-04 1.999197e-07 
  2 1.555546e-04 1.999197e-07 
  3 1.363324e-04 1.999197e-07 
  4 9.722107e-05 1.999197e-07 
  5 4.813844e-05 1.999197e-07 
  6 3.165215e-05 1.999197e-07 
  7 1.923443e-05 1.999197e-07 
  8 1.115786e-05 1.999197e-07 
  9 8.766013e-06 1.999197e-07 
  10 5.591307e-06 1.999197e-07 
  11 2.463073e-06 1.999197e-07 
  12 1.127170e-06 1.999197e-07 
  13 5.349401e-07 1.999197e-07 
  14 3.384872e-07 1.999197e-07 
  15 2.355245e-07 1.999197e-07 
  16 2.041936e-07 1.999197e-07 
  17 1.840190e-07 1.999197e-07 
Gmres(80) iterations:
  0 2.429427e-02 2.429427e-05 (1.000000e-03)  
  1 2.410348e-02 2.429427e-05 
  2 2.392772e-02 2.429427e-05 
  3 2.387764e-02 2.429427e-05 
  4 2.343671e-02 2.429427e-05 
  5 2.247211e-02 2.429427e-05 
  6 2.156183e-02 2.429427e-05 
  7 1.836940e-02 2.429427e-05 
  8 1.556612e-02 2.429427e-05 
  9 1.458912e-02 2.429427e-05 
  10 1.329844e-02 2.429427e-05 
  11 1.152603e-02 2.429427e-05 
  12 1.088444e-02 2.429427e-05 
  13 6.913918e-03 2.429427e-05 
  14 4.509823e-03 2.429427e-05 
  15 3.003962e-03 2.429427e-05 
  16 1.325576e-03 2.429427e-05 
  17 6.172984e-04 2.429427e-05 
  18 3.889448e-04 2.429427e-05 
  19 1.550714e-04 2.429427e-05 
  20 6.066038e-05 2.429427e-05 
  21 2.945187e-05 2.429427e-05 
  22 1.361275e-05 2.429427e-05 
Gmres(80) iterations:
  0 7.665614e-04 7.631910e-08 (9.956032e-05)  
  1 1.820909e-04 7.631910e-08 
  2 1.071228e-04 7.631910e-08 
  3 9.864924e-05 7.631910e-08 
  4 7.085370e-05 7.631910e-08 
  5 3.427207e-05 7.631910e-08 
  6 2.172727e-05 7.631910e-08 
  7 1.433938e-05 7.631910e-08 
  8 7.752538e-06 7.631910e-08 
  9 5.952599e-06 7.631910e-08 
  10 3.965670e-06 7.631910e-08 
  11 1.815646e-06 7.631910e-08 
  12 8.499098e-07 7.631910e-08 
  13 3.811677e-07 7.631910e-08 
  14 2.252958e-07 7.631910e-08 
  15 1.426967e-07 7.631910e-08 
  16 1.223565e-07 7.631910e-08 
  17 1.112935e-07 7.631910e-08 
  18 1.013717e-07 7.631910e-08 
  19 8.880146e-08 7.631910e-08 
  20 6.116505e-08 7.631910e-08 
Gmres(80) iterations:
  0 1.891452e-02 1.891452e-05 (1.000000e-03)  
  1 1.873326e-02 1.891452e-05 
  2 1.853020e-02 1.891452e-05 
  3 1.850635e-02 1.891452e-05 
  4 1.817647e-02 1.891452e-05 
  5 1.755223e-02 1.891452e-05 
  6 1.703219e-02 1.891452e-05 
  7 1.520208e-02 1.891452e-05 
  8 1.366000e-02 1.891452e-05 
  9 1.312932e-02 1.891452e-05 
  10 1.210680e-02 1.891452e-05 
  11 1.056990e-02 1.891452e-05 
  12 9.861551e-03 1.891452e-05 
  13 5.900827e-03 1.891452e-05 
  14 3.808414e-03 1.891452e-05 
  15 2.397545e-03 1.891452e-05 
  16 1.076126e-03 1.891452e-05 
  17 4.960207e-04 1.891452e-05 
  18 3.068427e-04 1.891452e-05 
  19 1.217345e-04 1.891452e-05 
  20 4.778913e-05 1.891452e-05 
  21 2.344774e-05 1.891452e-05 
  22 1.118111e-05 1.891452e-05 
Gmres(80) iterations:
  0 4.854960e-04 3.198645e-08 (6.588408e-05)  
  1 1.249729e-04 3.198645e-08 
  2 7.440414e-05 3.198645e-08 
  3 7.021579e-05 3.198645e-08 
  4 5.056378e-05 3.198645e-08 
  5 2.434851e-05 3.198645e-08 
  6 1.495323e-05 3.198645e-08 
  7 1.030531e-05 3.198645e-08 
  8 5.405408e-06 3.198645e-08 
  9 4.050285e-06 3.198645e-08 
  10 2.765602e-06 3.198645e-08 
  11 1.303823e-06 3.198645e-08 
  12 6.155790e-07 3.198645e-08 
  13 2.641122e-07 3.198645e-08 
  14 1.441154e-07 3.198645e-08 
  15 7.536212e-08 3.198645e-08 
  16 5.966546e-08 3.198645e-08 
  17 5.275756e-08 3.198645e-08 
  18 4.764437e-08 3.198645e-08 
  19 4.363292e-08 3.198645e-08 
  20 3.490989e-08 3.198645e-08 
  21 1.900304e-08 3.198645e-08 
Gmres(80) iterations:
  0 1.527470e-02 1.527470e-05 (1.000000e-03)  
  1 1.511191e-02 1.527470e-05 
  2 1.491171e-02 1.527470e-05 
  3 1.490228e-02 1.527470e-05 
  4 1.466563e-02 1.527470e-05 
  5 1.423824e-02 1.527470e-05 
  6 1.393695e-02 1.527470e-05 
  7 1.287653e-02 1.527470e-05 
  8 1.200011e-02 1.527470e-05 
  9 1.168971e-02 1.527470e-05 
  10 1.082676e-02 1.527470e-05 
  11 9.504662e-03 1.527470e-05 
  12 8.764922e-03 1.527470e-05 
  13 5.007646e-03 1.527470e-05 
  14 3.199543e-03 1.527470e-05 
  15 1.927615e-03 1.527470e-05 
  16 8.784788e-04 1.527470e-05 
  17 4.035188e-04 1.527470e-05 
  18 2.454414e-04 1.527470e-05 
  19 9.754078e-05 1.527470e-05 
  20 3.854221e-05 1.527470e-05 
  21 1.906354e-05 1.527470e-05 
  22 9.251034e-06 1.527470e-05 
Gmres(80) iterations:
  0 3.286455e-04 1.521381e-08 (4.629246e-05)  
  1 8.694093e-05 1.521381e-08 
  2 5.140375e-05 1.521381e-08 
  3 4.915806e-05 1.521381e-08 
  4 3.538981e-05 1.521381e-08 
  5 1.705318e-05 1.521381e-08 
  6 1.021977e-05 1.521381e-08 
  7 7.199478e-06 1.521381e-08 
  8 3.723945e-06 1.521381e-08 
  9 2.736938e-06 1.521381e-08 
  10 1.898885e-06 1.521381e-08 
  11 9.141003e-07 1.521381e-08 
  12 4.337375e-07 1.521381e-08 
  13 1.815973e-07 1.521381e-08 
  14 9.380596e-08 1.521381e-08 
  15 3.796515e-08 1.521381e-08 
  16 2.318154e-08 1.521381e-08 
  17 1.565611e-08 1.521381e-08 
  18 9.937107e-09 1.521381e-08 
Gmres(80) iterations:
  0 1.262525e-02 1.262525e-05 (1.000000e-03)  
  1 1.248801e-02 1.262525e-05 
  2 1.230987e-02 1.262525e-05 
  3 1.230728e-02 1.262525e-05 
  4 1.214170e-02 1.262525e-05 
  5 1.183213e-02 1.262525e-05 
  6 1.165182e-02 1.262525e-05 
  7 1.102336e-02 1.262525e-05 
  8 1.050111e-02 1.262525e-05 
  9 1.030056e-02 1.262525e-05 
  10 9.553707e-03 1.262525e-05 
  11 8.420309e-03 1.262525e-05 
  12 7.684095e-03 1.262525e-05 
  13 4.241782e-03 1.262525e-05 
  14 2.680169e-03 1.262525e-05 
  15 1.563792e-03 1.262525e-05 
  16 7.193939e-04 1.262525e-05 
  17 3.307168e-04 1.262525e-05 
  18 1.985776e-04 1.262525e-05 
  19 7.937670e-05 1.262525e-05 
  20 3.164692e-05 1.262525e-05 
  21 1.576986e-05 1.262525e-05 
  22 7.680690e-06 1.262525e-05 
Gmres(80) iterations:
  0 2.332413e-04 7.960427e-09 (3.412958e-05)  
  1 5.987298e-05 7.960427e-09 
  2 3.508471e-05 7.960427e-09 
  3 3.381304e-05 7.960427e-09 
  4 2.437018e-05 7.960427e-09 
  5 1.176642e-05 7.960427e-09 
  6 6.915858e-06 7.960427e-09 
  7 4.930834e-06 7.960427e-09 
  8 2.535084e-06 7.960427e-09 
  9 1.836475e-06 7.960427e-09 
  10 1.287193e-06 7.960427e-09 
  11 6.297584e-07 7.960427e-09 
  12 3.013177e-07 7.960427e-09 
  13 1.280634e-07 7.960427e-09 
  14 6.939249e-08 7.960427e-09 
  15 3.422357e-08 7.960427e-09 
  16 2.614447e-08 7.960427e-09 
  17 2.099618e-08 7.960427e-09 
  18 1.593161e-08 7.960427e-09 
  19 1.375899e-08 7.960427e-09 
  20 1.225259e-08 7.960427e-09 
  21 8.566010e-09 7.960427e-09 
  22 5.422267e-09 7.960427e-09 
Gmres(80) iterations:
  0 1.056681e-02 1.056681e-05 (1.000000e-03)  
  1 1.045755e-02 1.056681e-05 
  2 1.030951e-02 1.056681e-05 
  3 1.030929e-02 1.056681e-05 
  4 1.019444e-02 1.056681e-05 
  5 9.957930e-03 1.056681e-05 
  6 9.844879e-03 1.056681e-05 
  7 9.462227e-03 1.056681e-05 
  8 9.133783e-03 1.056681e-05 
  9 8.990604e-03 1.056681e-05 
  10 8.343463e-03 1.056681e-05 
  11 7.372414e-03 1.056681e-05 
  12 6.668469e-03 1.056681e-05 
  13 3.592899e-03 1.056681e-05 
  14 2.241533e-03 1.056681e-05 
  15 1.279197e-03 1.056681e-05 
  16 5.902057e-04 1.056681e-05 
  17 2.721483e-04 1.056681e-05 
  18 1.620653e-04 1.056681e-05 
  19 6.533287e-05 1.056681e-05 
  20 2.632740e-05 1.056681e-05 
  21 1.321579e-05 1.056681e-05 
  22 6.385144e-06 1.056681e-05 
Gmres(80) iterations:
  0 1.698392e-04 4.387594e-09 (2.583380e-05)  
  1 4.010353e-05 4.387594e-09 
  2 2.368713e-05 4.387594e-09 
  3 2.292147e-05 4.387594e-09 
  4 1.656139e-05 4.387594e-09 
  5 8.003515e-06 4.387594e-09 
  6 4.637667e-06 4.387594e-09 
  7 3.329243e-06 4.387594e-09 
  8 1.705885e-06 4.387594e-09 
  9 1.222802e-06 4.387594e-09 
  10 8.627495e-07 4.387594e-09 
  11 4.293816e-07 4.387594e-09 
  12 2.093730e-07 4.387594e-09 
  13 9.639841e-08 4.387594e-09 
  14 6.118945e-08 4.387594e-09 
  15 4.248464e-08 4.387594e-09 
  16 3.769591e-08 4.387594e-09 
  17 3.200868e-08 4.387594e-09 
  18 2.420467e-08 4.387594e-09 
  19 1.933144e-08 4.387594e-09 
  20 1.443342e-08 4.387594e-09 
  21 7.245399e-09 4.387594e-09 
  22 3.926309e-09 4.387594e-09 
Gmres(80) iterations:
  0 8.890771e-03 8.890771e-06 (1.000000e-03)  
  1 8.808014e-03 8.890771e-06 
  2 8.690703e-03 8.890771e-06 
  3 8.690544e-03 8.890771e-06 
  4 8.610695e-03 8.890771e-06 
  5 8.421517e-03 8.890771e-06 
  6 8.346544e-03 8.890771e-06 
  7 8.107742e-03 8.890771e-06 
  8 7.890316e-03 8.890771e-06 
  9 7.779216e-03 8.890771e-06 
  10 7.224781e-03 8.890771e-06 
  11 6.393590e-03 8.890771e-06 
  12 5.742277e-03 8.890771e-06 
  13 3.045912e-03 8.890771e-06 
  14 1.873290e-03 8.890771e-06 
  15 1.053801e-03 8.890771e-06 
  16 4.846827e-04 8.890771e-06 
  17 2.243622e-04 8.890771e-06 
  18 1.330800e-04 8.890771e-06 
  19 5.419513e-05 8.890771e-06 
  20 2.210211e-05 8.890771e-06 
  21 1.117098e-05 8.890771e-06 
  22 5.306965e-06 8.890771e-06 
Gmres(80) iterations:
  0 1.246990e-04 2.453073e-09 (1.967195e-05)  
  1 2.602732e-05 2.453073e-09 
  2 1.580507e-05 2.453073e-09 
  3 1.531711e-05 2.453073e-09 
  4 1.112815e-05 2.453073e-09 
  5 5.379457e-06 2.453073e-09 
  6 3.087866e-06 2.453073e-09 
  7 2.227734e-06 2.453073e-09 
  8 1.140983e-06 2.453073e-09 
  9 8.115838e-07 2.453073e-09 
  10 5.745734e-07 2.453073e-09 
  11 2.930028e-07 2.453073e-09 
  12 1.486315e-07 2.453073e-09 
  13 7.950065e-08 2.453073e-09 
  14 5.931646e-08 2.453073e-09 
  15 4.816677e-08 2.453073e-09 
  16 4.339860e-08 2.453073e-09 
  17 3.441180e-08 2.453073e-09 
  18 2.283135e-08 2.453073e-09 
  19 1.647750e-08 2.453073e-09 
  20 1.103828e-08 2.453073e-09 
  21 5.023697e-09 2.453073e-09 
  22 2.606462e-09 2.453073e-09 
  23 1.362919e-09 2.453073e-09 
Gmres(80) iterations:
  0 7.488173e-03 7.488173e-06 (1.000000e-03)  
  1 7.428232e-03 7.488173e-06 
  2 7.338548e-03 7.488173e-06 
  3 7.337449e-03 7.488173e-06 
  4 7.281483e-03 7.488173e-06 
  5 7.124687e-03 7.488173e-06 
  6 7.071760e-03 7.488173e-06 
  7 6.920066e-03 7.488173e-06 
  8 6.769898e-03 7.488173e-06 
  9 6.678161e-03 7.488173e-06 
  10 6.210979e-03 7.488173e-06 
  11 5.501575e-03 7.488173e-06 
  12 4.914725e-03 7.488173e-06 
  13 2.585714e-03 7.488173e-06 
  14 1.565345e-03 7.488173e-06 
  15 8.733008e-04 7.488173e-06 
  16 3.981546e-04 7.488173e-06 
  17 1.850460e-04 7.488173e-06 
  18 1.097027e-04 7.488173e-06 
  19 4.516975e-05 7.488173e-06 
  20 1.866340e-05 7.488173e-06 
  21 9.485262e-06 7.488173e-06 
  22 4.404521e-06 7.488173e-06 
Gmres(80) iterations:
  0 9.124362e-05 1.354739e-09 (1.484750e-05)  
  1 1.648709e-05 1.354739e-09 
  2 1.047653e-05 1.354739e-09 
  3 1.014088e-05 1.354739e-09 
  4 7.435907e-06 1.354739e-09 
  5 3.588742e-06 1.354739e-09 
  6 2.049285e-06 1.354739e-09 
  7 1.485061e-06 1.354739e-09 
  8 7.637581e-07 1.354739e-09 
  9 5.412638e-07 1.354739e-09 
  10 3.840136e-07 1.354739e-09 
  11 2.034155e-07 1.354739e-09 
  12 1.110281e-07 1.354739e-09 
  13 7.129396e-08 1.354739e-09 
  14 5.897118e-08 1.354739e-09 
  15 5.037787e-08 1.354739e-09 
  16 4.382918e-08 1.354739e-09 
  17 3.046793e-08 1.354739e-09 
  18 1.775699e-08 1.354739e-09 
  19 1.200974e-08 1.354739e-09 
  20 7.619893e-09 1.354739e-09 
  21 3.339560e-09 1.354739e-09 
  22 1.689766e-09 1.354739e-09 
  23 8.775461e-10 1.354739e-09 
Gmres(80) iterations:
  0 6.299707e-03 6.299707e-06 (1.000000e-03)  
  1 6.258097e-03 6.299707e-06 
  2 6.191570e-03 6.299707e-06 
  3 6.189258e-03 6.299707e-06 
  4 6.149683e-03 6.299707e-06 
  5 6.016489e-03 6.299707e-06 
  6 5.976582e-03 6.299707e-06 
  7 5.879350e-03 6.299707e-06 
  8 5.772363e-03 6.299707e-06 
  9 5.693223e-03 6.299707e-06 
  10 5.306398e-03 6.299707e-06 
  11 4.704160e-03 6.299707e-06 
  12 4.186259e-03 6.299707e-06 
  13 2.198595e-03 6.299707e-06 
  14 1.308530e-03 6.299707e-06 
  15 7.274428e-04 6.299707e-06 
  16 3.270358e-04 6.299707e-06 
  17 1.525554e-04 6.299707e-06 
  18 9.061313e-05 6.299707e-06 
  19 3.772778e-05 6.299707e-06 
  20 1.580798e-05 6.299707e-06 
  21 8.061357e-06 6.299707e-06 
  22 3.646020e-06 6.299707e-06 
Gmres(80) iterations:
  0 6.595754e-05 7.230239e-10 (1.096196e-05)  
  1 1.031401e-05 7.230239e-10 
  2 6.920451e-06 7.230239e-10 
  3 6.671265e-06 7.230239e-10 
  4 4.944744e-06 7.230239e-10 
  5 2.375755e-06 7.230239e-10 
  6 1.359602e-06 7.230239e-10 
  7 9.893406e-07 7.230239e-10 
  8 5.131537e-07 7.230239e-10 
  9 3.641683e-07 7.230239e-10 
  10 2.596758e-07 7.230239e-10 
  11 1.468873e-07 7.230239e-10 
  12 8.942419e-08 7.230239e-10 
  13 6.734288e-08 7.230239e-10 
  14 5.804067e-08 7.230239e-10 
  15 4.926490e-08 7.230239e-10 
  16 3.960712e-08 7.230239e-10 
  17 2.355041e-08 7.230239e-10 
  18 1.267096e-08 7.230239e-10 
  19 8.254316e-09 7.230239e-10 
  20 5.063652e-09 7.230239e-10 
  21 2.171139e-09 7.230239e-10 
  22 1.079506e-09 7.230239e-10 
  23 5.594996e-10 7.230239e-10 
Gmres(80) iterations:
  0 5.289707e-03 5.289707e-06 (1.000000e-03)  
  1 5.262045e-03 5.289707e-06 
  2 5.214079e-03 5.289707e-06 
  3 5.210656e-03 5.289707e-06 
  4 5.182495e-03 5.289707e-06 
  5 5.067695e-03 5.289707e-06 
  6 5.035578e-03 5.289707e-06 
  7 4.973206e-03 5.289707e-06 
  8 4.895461e-03 5.289707e-06 
  9 4.825107e-03 5.289707e-06 
  10 4.509778e-03 5.289707e-06 
  11 4.002355e-03 5.289707e-06 
  12 3.552376e-03 5.289707e-06 
  13 1.872599e-03 5.289707e-06 
  14 1.094787e-03 5.289707e-06 
  15 6.087210e-04 5.289707e-06 
  16 2.685186e-04 5.289707e-06 
  17 1.256619e-04 5.289707e-06 
  18 7.488907e-05 5.289707e-06 
  19 3.151090e-05 5.289707e-06 
  20 1.339681e-05 5.289707e-06 
  21 6.836660e-06 5.289707e-06 
  22 3.006205e-06 5.289707e-06 
Gmres(80) iterations:
  0 4.693066e-05 3.694083e-10 (7.871365e-06)  
  1 6.463234e-06 3.694083e-10 
  2 4.571471e-06 3.694083e-10 
  3 4.379366e-06 3.694083e-10 
  4 3.295988e-06 3.694083e-10 
  5 1.566776e-06 3.694083e-10 
  6 9.088109e-07 3.694083e-10 
  7 6.634415e-07 3.694083e-10 
  8 3.503679e-07 3.694083e-10 
  9 2.516600e-07 3.694083e-10 
  10 1.823676e-07 3.694083e-10 
  11 1.135268e-07 3.694083e-10 
  12 7.816772e-08 3.694083e-10 
  13 6.501097e-08 3.694083e-10 
  14 5.591848e-08 3.694083e-10 
  15 4.515515e-08 3.694083e-10 
  16 3.227146e-08 3.694083e-10 
  17 1.674070e-08 3.694083e-10 
  18 8.720747e-09 3.694083e-10 
  19 5.557581e-09 3.694083e-10 
  20 3.300690e-09 3.694083e-10 
  21 1.391335e-09 3.694083e-10 
  22 6.839714e-10 3.694083e-10 
  23 3.557269e-10 3.694083e-10 
Gmres(80) iterations:
  0 4.433324e-03 4.433324e-06 (1.000000e-03)  
  1 4.415781e-03 4.433324e-06 
  2 4.382211e-03 4.433324e-06 
  3 4.377941e-03 4.433324e-06 
  4 4.357875e-03 4.433324e-06 
  5 4.258316e-03 4.433324e-06 
  6 4.230886e-03 4.433324e-06 
  7 4.191089e-03 4.433324e-06 
  8 4.134044e-03 4.433324e-06 
  9 4.070261e-03 4.433324e-06 
  10 3.816239e-03 4.433324e-06 
  11 3.392622e-03 4.433324e-06 
  12 3.005930e-03 4.433324e-06 
  13 1.597542e-03 4.433324e-06 
  14 9.171600e-04 4.433324e-06 
  15 5.115031e-04 4.433324e-06 
  16 2.203682e-04 4.433324e-06 
  17 1.034109e-04 4.433324e-06 
  18 6.187369e-05 4.433324e-06 
  19 2.627294e-05 4.433324e-06 
  20 1.133245e-05 4.433324e-06 
  21 5.771178e-06 4.433324e-06 
  22 2.464821e-06 4.433324e-06 
Gmres(80) iterations:
  0 3.288476e-05 1.809361e-10 (5.502127e-06)  
  1 4.112425e-06 1.809361e-10 
  2 3.034165e-06 1.809361e-10 
  3 2.883218e-06 1.809361e-10 
  4 2.212161e-06 1.809361e-10 
  5 1.037410e-06 1.809361e-10 
  6 6.156367e-07 1.809361e-10 
  7 4.505199e-07 1.809361e-10 
  8 2.448694e-07 1.809361e-10 
  9 1.807266e-07 1.809361e-10 
  10 1.354480e-07 1.809361e-10 
  11 9.468471e-08 1.809361e-10 
  12 7.226093e-08 1.809361e-10 
  13 6.285024e-08 1.809361e-10 
  14 5.184842e-08 1.809361e-10 
  15 3.825367e-08 1.809361e-10 
  16 2.408470e-08 1.809361e-10 
  17 1.143588e-08 1.809361e-10 
  18 5.938263e-09 1.809361e-10 
  19 3.701326e-09 1.809361e-10 
  20 2.121255e-09 1.809361e-10 
  21 8.839544e-10 1.809361e-10 
  22 4.313868e-10 1.809361e-10 
  23 2.265207e-10 1.809361e-10 
  24 1.169907e-10 1.809361e-10 
Gmres(80) iterations:
  0 3.710591e-03 3.710591e-06 (1.000000e-03)  
  1 3.700060e-03 3.710591e-06 
  2 3.677342e-03 3.710591e-06 
  3 3.672532e-03 3.710591e-06 
  4 3.658306e-03 3.710591e-06 
  5 3.571980e-03 3.710591e-06 
  6 3.547380e-03 3.710591e-06 
  7 3.522204e-03 3.710591e-06 
  8 3.480314e-03 3.710591e-06 
  9 3.421840e-03 3.710591e-06 
  10 3.218620e-03 3.710591e-06 
  11 2.868539e-03 3.710591e-06 
  12 2.538521e-03 3.710591e-06 
  13 1.364901e-03 3.710591e-06 
  14 7.697117e-04 3.710591e-06 
  15 4.314642e-04 3.710591e-06 
  16 1.807814e-04 3.710591e-06 
  17 8.503744e-05 3.710591e-06 
  18 5.108555e-05 3.710591e-06 
  19 2.184149e-05 3.710591e-06 
  20 9.546257e-06 3.710591e-06 
  21 4.839099e-06 3.710591e-06 
  22 2.005879e-06 3.710591e-06 
Gmres(80) iterations:
  0 2.266688e-05 8.458411e-11 (3.731617e-06)  
  1 2.691341e-06 8.458411e-11 
  2 2.038663e-06 8.458411e-11 
  3 1.921972e-06 8.458411e-11 
  4 1.503250e-06 8.458411e-11 
  5 6.956261e-07 8.458411e-11 
  6 4.256067e-07 8.458411e-11 
  7 3.121235e-07 8.458411e-11 
  8 1.787853e-07 8.458411e-11 
  9 1.379265e-07 8.458411e-11 
  10 1.090158e-07 8.458411e-11 
  11 8.430717e-08 8.458411e-11 
  12 6.822861e-08 8.458411e-11 
  13 5.925852e-08 8.458411e-11 
  14 4.512757e-08 8.458411e-11 
  15 3.004970e-08 8.458411e-11 
  16 1.684633e-08 8.458411e-11 
  17 7.706165e-09 8.458411e-11 
  18 4.046450e-09 8.458411e-11 
  19 2.472393e-09 8.458411e-11 
  20 1.355851e-09 8.458411e-11 
  21 5.582143e-10 8.458411e-11 
  22 2.747806e-10 8.458411e-11 
  23 1.456341e-10 8.458411e-11 
  24 7.579846e-11 8.458411e-11 
Gmres(80) iterations:
  0 3.103935e-03 3.103935e-06 (1.000000e-03)  
  1 3.098032e-03 3.103935e-06 
  2 3.083262e-03 3.103935e-06 
  3 3.078195e-03 3.103935e-06 
  4 3.068234e-03 3.103935e-06 
  5 2.993733e-03 3.103935e-06 
  6 2.970872e-03 3.103935e-06 
  7 2.955087e-03 3.103935e-06 
  8 2.924537e-03 3.103935e-06 
  9 2.870740e-03 3.103935e-06 
  10 2.708425e-03 3.103935e-06 
  11 2.422032e-03 3.103935e-06 
  12 2.141337e-03 3.103935e-06 
  13 1.167647e-03 3.103935e-06 
  14 6.474071e-04 3.103935e-06 
  15 3.652168e-04 3.103935e-06 
  16 1.482901e-04 3.103935e-06 
  17 6.991178e-05 3.103935e-06 
  18 4.215645e-05 3.103935e-06 
  19 1.809310e-05 3.103935e-06 
  20 7.991393e-06 3.103935e-06 
  21 4.023222e-06 3.103935e-06 
  22 1.617151e-06 3.103935e-06 
Gmres(80) iterations:
  0 1.544161e-05 3.821664e-11 (2.474913e-06)  
  1 1.818560e-06 3.821664e-11 
  2 1.388855e-06 3.821664e-11 
  3 1.297758e-06 3.821664e-11 
  4 1.034516e-06 3.821664e-11 
  5 4.808341e-07 3.821664e-11 
  6 3.007976e-07 3.821664e-11 
  7 2.238385e-07 3.821664e-11 
  8 1.380324e-07 3.821664e-11 
  9 1.124014e-07 3.821664e-11 
  10 9.348153e-08 3.821664e-11 
  11 7.702162e-08 3.821664e-11 
  12 6.323199e-08 3.821664e-11 
  13 5.283361e-08 3.821664e-11 
  14 3.634734e-08 3.821664e-11 
  15 2.218430e-08 3.821664e-11 
  16 1.141069e-08 3.821664e-11 
  17 5.204608e-09 3.821664e-11 
  18 2.789202e-09 3.821664e-11 
  19 1.656080e-09 3.821664e-11 
  20 8.676619e-10 3.821664e-11 
  21 3.541205e-10 3.821664e-11 
  22 1.799801e-10 3.821664e-11 
  23 9.625491e-11 3.821664e-11 
  24 5.058045e-11 3.821664e-11 
  25 2.325490e-11 3.821664e-11 
Gmres(80) iterations:
  0 2.597300e-03 2.597300e-06 (1.000000e-03)  
  1 2.594288e-03 2.597300e-06 
  2 2.585151e-03 2.597300e-06 
  3 2.580057e-03 2.597300e-06 
  4 2.573224e-03 2.597300e-06 
  5 2.509417e-03 2.597300e-06 
  6 2.487707e-03 2.597300e-06 
  7 2.477868e-03 2.597300e-06 
  8 2.455901e-03 2.597300e-06 
  9 2.406579e-03 2.597300e-06 
  10 2.276494e-03 2.597300e-06 
  11 2.044300e-03 2.597300e-06 
  12 1.805682e-03 2.597300e-06 
  13 1.000024e-03 2.597300e-06 
  14 5.460020e-04 2.597300e-06 
  15 3.100685e-04 2.597300e-06 
  16 1.216888e-04 2.597300e-06 
  17 5.750515e-05 2.597300e-06 
  18 3.478905e-05 2.597300e-06 
  19 1.493599e-05 2.597300e-06 
  20 6.637633e-06 2.597300e-06 
  21 3.311071e-06 2.597300e-06 
  22 1.289464e-06 2.597300e-06 
Gmres(80) iterations:
  0 1.041063e-05 1.672580e-11 (1.606608e-06)  
  1 1.257154e-06 1.672580e-11 
  2 9.599213e-07 1.672580e-11 
  3 8.934836e-07 1.672580e-11 
  4 7.242704e-07 1.672580e-11 
  5 3.445522e-07 1.672580e-11 
  6 2.186084e-07 1.672580e-11 
  7 1.681779e-07 1.672580e-11 
  8 1.134784e-07 1.672580e-11 
  9 9.706227e-08 1.672580e-11 
  10 8.339106e-08 1.672580e-11 
  11 7.016340e-08 1.672580e-11 
  12 5.618625e-08 1.672580e-11 
  13 4.388059e-08 1.672580e-11 
  14 2.733088e-08 1.672580e-11 
  15 1.585944e-08 1.672580e-11 
  16 7.651268e-09 1.672580e-11 
  17 3.553170e-09 1.672580e-11 
  18 1.926822e-09 1.672580e-11 
  19 1.113761e-09 1.672580e-11 
  20 5.599407e-10 1.672580e-11 
  21 2.292865e-10 1.672580e-11 
  22 1.225256e-10 1.672580e-11 
  23 6.543050e-11 1.672580e-11 
  24 3.443212e-11 1.672580e-11 
  25 1.519246e-11 1.672580e-11 
Gmres(80) iterations:
  0 2.175978e-03 2.175978e-06 (1.000000e-03)  
  1 2.174646e-03 2.175978e-06 
  2 2.169345e-03 2.175978e-06 
  3 2.164390e-03 2.175978e-06 
  4 2.159842e-03 2.175978e-06 
  5 2.105704e-03 2.175978e-06 
  6 2.084885e-03 2.175978e-06 
  7 2.078759e-03 2.175978e-06 
  8 2.063291e-03 2.175978e-06 
  9 2.018514e-03 2.175978e-06 
  10 1.913485e-03 2.175978e-06 
  11 1.726476e-03 2.175978e-06 
  12 1.523288e-03 2.175978e-06 
  13 8.573217e-04 2.175978e-06 
  14 4.619273e-04 2.175978e-06 
  15 2.638637e-04 2.175978e-06 
  16 9.997863e-05 2.175978e-06 
  17 4.736791e-05 2.175978e-06 
  18 2.873176e-05 2.175978e-06 
  19 1.229759e-05 2.175978e-06 
  20 5.466708e-06 2.175978e-06 
  21 2.693059e-06 2.175978e-06 
  22 1.015995e-06 2.175978e-06 
Gmres(80) iterations:
  0 6.971073e-06 7.154674e-12 (1.026337e-06)  
  1 8.902532e-07 7.154674e-12 
  2 6.780138e-07 7.154674e-12 
  3 6.279658e-07 7.154674e-12 
  4 5.146615e-07 7.154674e-12 
  5 2.554950e-07 7.154674e-12 
  6 1.655788e-07 7.154674e-12 
  7 1.341409e-07 7.154674e-12 
  8 9.756234e-08 7.154674e-12 
  9 8.579241e-08 7.154674e-12 
  10 7.414083e-08 7.154674e-12 
  11 6.092744e-08 7.154674e-12 
  12 4.624655e-08 7.154674e-12 
  13 3.343629e-08 7.154674e-12 
  14 1.960413e-08 7.154674e-12 
  15 1.107036e-08 7.154674e-12 
  16 5.104338e-09 7.154674e-12 
  17 2.429587e-09 7.154674e-12 
  18 1.357211e-09 7.154674e-12 
  19 7.560642e-10 7.154674e-12 
  20 3.636849e-10 7.154674e-12 
  21 1.533164e-10 7.154674e-12 
  22 8.801609e-11 7.154674e-12 
  23 4.639534e-11 7.154674e-12 
  24 2.386797e-11 7.154674e-12 
  25 9.894437e-12 7.154674e-12 
  26 5.665201e-12 7.154674e-12 
Gmres(80) iterations:
  0 1.826659e-03 1.826659e-06 (1.000000e-03)  
  1 1.826203e-03 1.826659e-06 
  2 1.823388e-03 1.826659e-06 
  3 1.818678e-03 1.826659e-06 
  4 1.815773e-03 1.826659e-06 
  5 1.770303e-03 1.826659e-06 
  6 1.750338e-03 1.826659e-06 
  7 1.746500e-03 1.826659e-06 
  8 1.735910e-03 1.826659e-06 
  9 1.695873e-03 1.826659e-06 
  10 1.610233e-03 1.826659e-06 
  11 1.460076e-03 1.826659e-06 
  12 1.286513e-03 1.826659e-06 
  13 7.356502e-04 1.826659e-06 
  14 3.921790e-04 1.826659e-06 
  15 2.248823e-04 1.826659e-06 
  16 8.231955e-05 1.826659e-06 
  17 3.911529e-05 1.826659e-06 
  18 2.376495e-05 1.826659e-06 
  19 1.011523e-05 1.826659e-06 
  20 4.467445e-06 1.826659e-06 
  21 2.162055e-06 1.826659e-06 
  22 7.918421e-07 1.826659e-06 
Gmres(80) iterations:
  0 4.636824e-06 2.987769e-12 (6.443568e-07)  
  1 6.303499e-07 2.987769e-12 
  2 4.847822e-07 2.987769e-12 
  3 4.475385e-07 2.987769e-12 
  4 3.696007e-07 2.987769e-12 
  5 1.969637e-07 2.987769e-12 
  6 1.310033e-07 2.987769e-12 
  7 1.117314e-07 2.987769e-12 
  8 8.659415e-08 2.987769e-12 
  9 7.662063e-08 2.987769e-12 
  10 6.467482e-08 2.987769e-12 
  11 4.952241e-08 2.987769e-12 
  12 3.461474e-08 2.987769e-12 
  13 2.351956e-08 2.987769e-12 
  14 1.347867e-08 2.987769e-12 
  15 7.665194e-09 2.987769e-12 
  16 3.452744e-09 2.987769e-12 
  17 1.699261e-09 2.987769e-12 
  18 9.425131e-10 2.987769e-12 
  19 5.138949e-10 2.987769e-12 
  20 2.417418e-10 2.987769e-12 
  21 1.061085e-10 2.987769e-12 
  22 6.319907e-11 2.987769e-12 
  23 3.257954e-11 2.987769e-12 
  24 1.625111e-11 2.987769e-12 
  25 6.437787e-12 2.987769e-12 
  26 3.537145e-12 2.987769e-12 
  27 1.819877e-12 2.987769e-12 
Gmres(80) iterations:
  0 1.537521e-03 1.537521e-06 (1.000000e-03)  
  1 1.537439e-03 1.537521e-06 
  2 1.536128e-03 1.537521e-06 
  3 1.531724e-03 1.537521e-06 
  4 1.529970e-03 1.537521e-06 
  5 1.492167e-03 1.537521e-06 
  6 1.473150e-03 1.537521e-06 
  7 1.470714e-03 1.537521e-06 
  8 1.463722e-03 1.537521e-06 
  9 1.428608e-03 1.537521e-06 
  10 1.358029e-03 1.537521e-06 
  11 1.237291e-03 1.537521e-06 
  12 1.088447e-03 1.537521e-06 
  13 6.317655e-04 1.537521e-06 
  14 3.342167e-04 1.537521e-06 
  15 1.917781e-04 1.537521e-06 
  16 6.799550e-05 1.537521e-06 
  17 3.241782e-05 1.537521e-06 
  18 1.969585e-05 1.537521e-06 
  19 8.329674e-06 1.537521e-06 
  20 3.631146e-06 1.537521e-06 
  21 1.713469e-06 1.537521e-06 
  22 6.139266e-07 1.537521e-06 
Gmres(80) iterations:
  0 3.060533e-06 1.212688e-12 (3.962341e-07)  
  1 4.517729e-07 1.212688e-12 
  2 3.594690e-07 1.212688e-12 
  3 3.305282e-07 1.212688e-12 
  4 2.719831e-07 1.212688e-12 
  5 1.564157e-07 1.212688e-12 
  6 1.092947e-07 1.212688e-12 
  7 9.715260e-08 1.212688e-12 
  8 7.740805e-08 1.212688e-12 
  9 6.734470e-08 1.212688e-12 
  10 5.343091e-08 1.212688e-12 
  11 3.659473e-08 1.212688e-12 
  12 2.269181e-08 1.212688e-12 
  13 1.472908e-08 1.212688e-12 
  14 8.635867e-09 1.212688e-12 
  15 5.098131e-09 1.212688e-12 
  16 2.320421e-09 1.212688e-12 
  17 1.193588e-09 1.212688e-12 
  18 6.621493e-10 1.212688e-12 
  19 3.553296e-10 1.212688e-12 
  20 1.629772e-10 1.212688e-12 
  21 7.495201e-11 1.212688e-12 
  22 4.546870e-11 1.212688e-12 
  23 2.272436e-11 1.212688e-12 
  24 1.104453e-11 1.212688e-12 
  25 4.199448e-12 1.212688e-12 
  26 2.247193e-12 1.212688e-12 
  27 1.115708e-12 1.212688e-12 
Gmres(80) iterations:
  0 1.298269e-03 1.298269e-06 (1.000000e-03)  
  1 1.298269e-03 1.298269e-06 
  2 1.297780e-03 1.298269e-06 
  3 1.293705e-03 1.298269e-06 
  4 1.292725e-03 1.298269e-06 
  5 1.261601e-03 1.298269e-06 
  6 1.243688e-03 1.298269e-06 
  7 1.242114e-03 1.298269e-06 
  8 1.237708e-03 1.298269e-06 
  9 1.207584e-03 1.298269e-06 
  10 1.148835e-03 1.298269e-06 
  11 1.051140e-03 1.298269e-06 
  12 9.229470e-04 1.298269e-06 
  13 5.429495e-04 1.298269e-06 
  14 2.858845e-04 1.298269e-06 
  15 1.635287e-04 1.298269e-06 
  16 5.639327e-05 1.298269e-06 
  17 2.699310e-05 1.298269e-06 
  18 1.635744e-05 1.298269e-06 
  19 6.881910e-06 1.298269e-06 
  20 2.947882e-06 1.298269e-06 
  21 1.344867e-06 1.298269e-06 
  22 4.809059e-07 1.298269e-06 
Gmres(80) iterations:
  0 2.012217e-06 4.833866e-13 (2.402259e-07)  
  1 3.383461e-07 4.833866e-13 
  2 2.859655e-07 4.833866e-13 
  3 2.603704e-07 4.833866e-13 
  4 2.092444e-07 4.833866e-13 
  5 1.305592e-07 4.833866e-13 
  6 9.534050e-08 4.833866e-13 
  7 8.672469e-08 4.833866e-13 
  8 6.978678e-08 4.833866e-13 
  9 5.894424e-08 4.833866e-13 
  10 4.289630e-08 4.833866e-13 
  11 2.630564e-08 4.833866e-13 
  12 1.375484e-08 4.833866e-13 
  13 8.339564e-09 4.833866e-13 
  14 4.747070e-09 4.833866e-13 
  15 2.933473e-09 4.833866e-13 
  16 1.418990e-09 4.833866e-13 
  17 7.801717e-10 4.833866e-13 
  18 4.401214e-10 4.833866e-13 
  19 2.367034e-10 4.833866e-13 
  20 1.065644e-10 4.833866e-13 
  21 4.850142e-11 4.833866e-13 
  22 2.918996e-11 4.833866e-13 
  23 1.514207e-11 4.833866e-13 
  24 7.409585e-12 4.833866e-13 
  25 2.794211e-12 4.833866e-13 
  26 1.459955e-12 4.833866e-13 
  27 6.935854e-13 4.833866e-13 
  28 3.198783e-13 4.833866e-13 
Gmres(80) iterations:
  0 1.100097e-03 1.100097e-06 (1.000000e-03)  
  1 1.100028e-03 1.100097e-06 
  2 1.099917e-03 1.100097e-06 
  3 1.096168e-03 1.100097e-06 
  4 1.095682e-03 1.100097e-06 
  5 1.070280e-03 1.100097e-06 
  6 1.053637e-03 1.100097e-06 
  7 1.052599e-03 1.100097e-06 
  8 1.049986e-03 1.100097e-06 
  9 1.024742e-03 1.100097e-06 
  10 9.754339e-04 1.100097e-06 
  11 8.955356e-04 1.100097e-06 
  12 7.846392e-04 1.100097e-06 
  13 4.669321e-04 1.100097e-06 
  14 2.453651e-04 1.100097e-06 
  15 1.393753e-04 1.100097e-06 
  16 4.699332e-05 1.100097e-06 
  17 2.259944e-05 1.100097e-06 
  18 1.360913e-05 1.100097e-06 
  19 5.713468e-06 1.100097e-06 
  20 2.403990e-06 1.100097e-06 
  21 1.054355e-06 1.100097e-06 
Gmres(80) iterations:
  0 1.633374e-06 3.600766e-13 (2.204496e-07)  
  1 6.263530e-07 3.600766e-13 
  2 4.692849e-07 3.600766e-13 
  3 4.285665e-07 3.600766e-13 
  4 3.085892e-07 3.600766e-13 
  5 2.044473e-07 3.600766e-13 
  6 1.656304e-07 3.600766e-13 
  7 1.341085e-07 3.600766e-13 
  8 1.025427e-07 3.600766e-13 
  9 7.861846e-08 3.600766e-13 
  10 5.322699e-08 3.600766e-13 
  11 3.161603e-08 3.600766e-13 
  12 1.731974e-08 3.600766e-13 
  13 1.100044e-08 3.600766e-13 
  14 4.258372e-09 3.600766e-13 
  15 2.101384e-09 3.600766e-13 
  16 9.905042e-10 3.600766e-13 
  17 4.826243e-10 3.600766e-13 
  18 2.280585e-10 3.600766e-13 
  19 1.173718e-10 3.600766e-13 
  20 6.905673e-11 3.600766e-13 
  21 3.534509e-11 3.600766e-13 
  22 1.720124e-11 3.600766e-13 
  23 7.496526e-12 3.600766e-13 
  24 3.526383e-12 3.600766e-13 
  25 1.295243e-12 3.600766e-13 
  26 6.520286e-13 3.600766e-13 
  27 2.771274e-13 3.600766e-13 
Gmres(80) iterations:
  0 9.355934e-04 9.355934e-07 (1.000000e-03)  
  1 9.353946e-04 9.355934e-07 
  2 9.353929e-04 9.355934e-07 
  3 9.319553e-04 9.355934e-07 
  4 9.317565e-04 9.355934e-07 
  5 9.111810e-04 9.355934e-07 
  6 8.959453e-04 9.355934e-07 
  7 8.952491e-04 9.355934e-07 
  8 8.938238e-04 9.355934e-07 
  9 8.731599e-04 9.355934e-07 
  10 8.315215e-04 9.355934e-07 
  11 7.652669e-04 9.355934e-07 
  12 6.688928e-04 9.355934e-07 
  13 4.018265e-04 9.355934e-07 
  14 2.111621e-04 9.355934e-07 
  15 1.187455e-04 9.355934e-07 
  16 3.936521e-05 9.355934e-07 
  17 1.903238e-05 9.355934e-07 
  18 1.133727e-05 9.355934e-07 
  19 4.769290e-06 9.355934e-07 
  20 1.981244e-06 9.355934e-07 
  21 8.380536e-07 9.355934e-07 
Gmres(80) iterations:
  0 1.141338e-06 1.698511e-13 (1.488176e-07)  
  1 5.294159e-07 1.698511e-13 
  2 4.132036e-07 1.698511e-13 
  3 3.538932e-07 1.698511e-13 
  4 2.399671e-07 1.698511e-13 
  5 1.760962e-07 1.698511e-13 
  6 1.542765e-07 1.698511e-13 
  7 1.254182e-07 1.698511e-13 
  8 1.009590e-07 1.698511e-13 
  9 7.126604e-08 1.698511e-13 
  10 3.875554e-08 1.698511e-13 
  11 2.294590e-08 1.698511e-13 
  12 9.945122e-09 1.698511e-13 
  13 5.993152e-09 1.698511e-13 
  14 2.667265e-09 1.698511e-13 
  15 1.514545e-09 1.698511e-13 
  16 8.200523e-10 1.698511e-13 
  17 4.849472e-10 1.698511e-13 
  18 2.245446e-10 1.698511e-13 
  19 1.089534e-10 1.698511e-13 
  20 4.735973e-11 1.698511e-13 
  21 2.215604e-11 1.698511e-13 
  22 1.150403e-11 1.698511e-13 
  23 5.598846e-12 1.698511e-13 
  24 2.831908e-12 1.698511e-13 
  25 1.205244e-12 1.698511e-13 
  26 7.552237e-13 1.698511e-13 
  27 3.947122e-13 1.698511e-13 
  28 1.923723e-13 1.698511e-13 
  29 9.838431e-14 1.698511e-13 
Gmres(80) iterations:
  0 7.986079e-04 7.986079e-07 (1.000000e-03)  
  1 7.982706e-04 7.986079e-07 
  2 7.982357e-04 7.986079e-07 
  3 7.950863e-04 7.986079e-07 
  4 7.950321e-04 7.986079e-07 
  5 7.784658e-04 7.986079e-07 
  6 7.647258e-04 7.986079e-07 
  7 7.642538e-04 7.986079e-07 
  8 7.635676e-04 7.986079e-07 
  9 7.470272e-04 7.986079e-07 
  10 7.117246e-04 7.986079e-07 
  11 6.559453e-04 7.986079e-07 
  12 5.717825e-04 7.986079e-07 
  13 3.460607e-04 7.986079e-07 
  14 1.820868e-04 7.986079e-07 
  15 1.011781e-04 7.986079e-07 
  16 3.315958e-05 7.986079e-07 
  17 1.612297e-05 7.986079e-07 
  18 9.453443e-06 7.986079e-07 
  19 4.001414e-06 7.986079e-07 
  20 1.657976e-06 7.986079e-07 
  21 6.876075e-07 7.986079e-07 
Gmres(80) iterations:
  0 8.267375e-07 8.860039e-14 (1.071687e-07)  
  1 4.736512e-07 8.860039e-14 
  2 3.806368e-07 8.860039e-14 
  3 2.959527e-07 8.860039e-14 
  4 1.924691e-07 8.860039e-14 
  5 1.465978e-07 8.860039e-14 
  6 1.336769e-07 8.860039e-14 
  7 1.107138e-07 8.860039e-14 
  8 9.703006e-08 8.860039e-14 
  9 7.242350e-08 8.860039e-14 
  10 4.216998e-08 8.860039e-14 
  11 2.320869e-08 8.860039e-14 
  12 1.059989e-08 8.860039e-14 
  13 5.947701e-09 8.860039e-14 
  14 2.927867e-09 8.860039e-14 
  15 1.236062e-09 8.860039e-14 
  16 5.698038e-10 8.860039e-14 
  17 2.822759e-10 8.860039e-14 
  18 1.443357e-10 8.860039e-14 
  19 7.381460e-11 8.860039e-14 
  20 3.240705e-11 8.860039e-14 
  21 1.604079e-11 8.860039e-14 
  22 8.667367e-12 8.860039e-14 
  23 4.619684e-12 8.860039e-14 
  24 2.370637e-12 8.860039e-14 
  25 9.823785e-13 8.860039e-14 
  26 3.627178e-13 8.860039e-14 
  27 1.792502e-13 8.860039e-14 
  28 9.526045e-14 8.860039e-14 
  29 5.288392e-14 8.860039e-14 
Gmres(80) iterations:
  0 6.840903e-04 6.840903e-07 (1.000000e-03)  
  1 6.836338e-04 6.840903e-07 
  2 6.835065e-04 6.840903e-07 
  3 6.806201e-04 6.840903e-07 
  4 6.806170e-04 6.840903e-07 
  5 6.673368e-04 6.840903e-07 
  6 6.551235e-04 6.840903e-07 
  7 6.548032e-04 6.840903e-07 
  8 6.545362e-04 6.840903e-07 
  9 6.415642e-04 6.840903e-07 
  10 6.115658e-04 6.840903e-07 
  11 5.639139e-04 6.840903e-07 
  12 4.900370e-04 6.840903e-07 
  13 2.983049e-04 6.840903e-07 
  14 1.572237e-04 6.840903e-07 
  15 8.626999e-05 6.840903e-07 
  16 2.809503e-05 6.840903e-07 
  17 1.373556e-05 6.840903e-07 
  18 7.890470e-06 6.840903e-07 
  19 3.371439e-06 6.840903e-07 
  20 1.411683e-06 6.840903e-07 
  21 5.893029e-07 6.840903e-07 
Gmres(80) iterations:
  0 6.392729e-07 5.582543e-14 (8.732644e-08)  
  1 4.407851e-07 5.582543e-14 
  2 3.598737e-07 5.582543e-14 
  3 2.572268e-07 5.582543e-14 
  4 1.610457e-07 5.582543e-14 
  5 1.213199e-07 5.582543e-14 
  6 1.097791e-07 5.582543e-14 
  7 9.308309e-08 5.582543e-14 
  8 8.545348e-08 5.582543e-14 
  9 6.879076e-08 5.582543e-14 
  10 4.472245e-08 5.582543e-14 
  11 2.363154e-08 5.582543e-14 
  12 1.279646e-08 5.582543e-14 
  13 6.982507e-09 5.582543e-14 
  14 3.397392e-09 5.582543e-14 
  15 1.390804e-09 5.582543e-14 
  16 5.830219e-10 5.582543e-14 
  17 2.510759e-10 5.582543e-14 
  18 1.224574e-10 5.582543e-14 
  19 5.938163e-11 5.582543e-14 
  20 2.858172e-11 5.582543e-14 
  21 1.494442e-11 5.582543e-14 
  22 8.155771e-12 5.582543e-14 
  23 5.033846e-12 5.582543e-14 
  24 3.086387e-12 5.582543e-14 
  25 1.419827e-12 5.582543e-14 
  26 5.182319e-13 5.582543e-14 
  27 2.635540e-13 5.582543e-14 
  28 1.241354e-13 5.582543e-14 
  29 6.068304e-14 5.582543e-14 
  30 2.556830e-14 5.582543e-14 
