Gmres(500) iterations:
  0 4.182205e+04 4.182205e-04 (1.000000e-08)  
  1 9.155845e+03 4.182205e-04 
  2 3.315814e+03 4.182205e-04 
  3 1.834813e+03 4.182205e-04 
  4 1.675003e+03 4.182205e-04 
  5 1.599889e+03 4.182205e-04 
  6 1.498470e+03 4.182205e-04 
  7 1.151155e+03 4.182205e-04 
  8 8.341283e+02 4.182205e-04 
  9 6.439310e+02 4.182205e-04 
  10 4.890030e+02 4.182205e-04 
  11 3.976498e+02 4.182205e-04 
  12 3.604249e+02 4.182205e-04 
  13 3.383478e+02 4.182205e-04 
  14 3.145524e+02 4.182205e-04 
  15 2.850958e+02 4.182205e-04 
  16 2.485989e+02 4.182205e-04 
  17 2.133529e+02 4.182205e-04 
  18 1.965550e+02 4.182205e-04 
  19 1.830226e+02 4.182205e-04 
  20 1.616350e+02 4.182205e-04 
  21 1.459408e+02 4.182205e-04 
  22 1.360337e+02 4.182205e-04 
  23 1.286288e+02 4.182205e-04 
  24 1.183705e+02 4.182205e-04 
  25 1.039904e+02 4.182205e-04 
  26 9.327060e+01 4.182205e-04 
  27 8.700203e+01 4.182205e-04 
  28 8.118407e+01 4.182205e-04 
  29 7.352280e+01 4.182205e-04 
  30 6.740102e+01 4.182205e-04 
  31 6.361652e+01 4.182205e-04 
  32 6.059347e+01 4.182205e-04 
  33 5.752450e+01 4.182205e-04 
  34 5.314778e+01 4.182205e-04 
  35 4.968151e+01 4.182205e-04 
  36 4.640175e+01 4.182205e-04 
  37 4.186824e+01 4.182205e-04 
  38 3.719329e+01 4.182205e-04 
  39 3.289394e+01 4.182205e-04 
  40 2.985710e+01 4.182205e-04 
  41 2.753813e+01 4.182205e-04 
  42 2.550612e+01 4.182205e-04 
  43 2.397426e+01 4.182205e-04 
  44 2.245690e+01 4.182205e-04 
  45 2.124378e+01 4.182205e-04 
  46 1.984590e+01 4.182205e-04 
  47 1.821788e+01 4.182205e-04 
  48 1.673759e+01 4.182205e-04 
  49 1.539998e+01 4.182205e-04 
  50 1.442775e+01 4.182205e-04 
  51 1.356056e+01 4.182205e-04 
  52 1.283922e+01 4.182205e-04 
  53 1.239683e+01 4.182205e-04 
  54 1.183819e+01 4.182205e-04 
  55 1.100046e+01 4.182205e-04 
  56 1.012073e+01 4.182205e-04 
  57 9.101662e+00 4.182205e-04 
  58 8.089560e+00 4.182205e-04 
  59 7.396225e+00 4.182205e-04 
  60 6.937317e+00 4.182205e-04 
  61 6.541916e+00 4.182205e-04 
  62 6.191975e+00 4.182205e-04 
  63 5.761042e+00 4.182205e-04 
  64 5.358216e+00 4.182205e-04 
  65 5.005176e+00 4.182205e-04 
  66 4.691007e+00 4.182205e-04 
  67 4.440687e+00 4.182205e-04 
  68 4.206600e+00 4.182205e-04 
  69 3.952811e+00 4.182205e-04 
  70 3.655498e+00 4.182205e-04 
  71 3.292301e+00 4.182205e-04 
  72 3.021385e+00 4.182205e-04 
  73 2.863555e+00 4.182205e-04 
  74 2.703425e+00 4.182205e-04 
  75 2.520638e+00 4.182205e-04 
  76 2.341280e+00 4.182205e-04 
  77 2.195213e+00 4.182205e-04 
  78 2.034846e+00 4.182205e-04 
  79 1.856429e+00 4.182205e-04 
  80 1.684418e+00 4.182205e-04 
  81 1.593455e+00 4.182205e-04 
  82 1.512846e+00 4.182205e-04 
  83 1.376477e+00 4.182205e-04 
  84 1.180850e+00 4.182205e-04 
  85 1.035193e+00 4.182205e-04 
  86 9.439506e-01 4.182205e-04 
  87 8.852716e-01 4.182205e-04 
  88 8.365316e-01 4.182205e-04 
  89 7.846233e-01 4.182205e-04 
  90 7.114452e-01 4.182205e-04 
  91 6.366785e-01 4.182205e-04 
  92 5.670978e-01 4.182205e-04 
  93 5.109329e-01 4.182205e-04 
  94 4.771879e-01 4.182205e-04 
  95 4.431426e-01 4.182205e-04 
  96 4.027752e-01 4.182205e-04 
  97 3.669792e-01 4.182205e-04 
  98 3.484870e-01 4.182205e-04 
  99 3.237271e-01 4.182205e-04 
  100 2.926701e-01 4.182205e-04 
  101 2.548679e-01 4.182205e-04 
  102 2.194111e-01 4.182205e-04 
  103 1.996463e-01 4.182205e-04 
  104 1.879091e-01 4.182205e-04 
  105 1.745175e-01 4.182205e-04 
  106 1.602226e-01 4.182205e-04 
  107 1.408424e-01 4.182205e-04 
  108 1.201444e-01 4.182205e-04 
  109 1.079658e-01 4.182205e-04 
  110 1.021328e-01 4.182205e-04 
  111 9.601786e-02 4.182205e-04 
  112 8.626306e-02 4.182205e-04 
  113 7.560991e-02 4.182205e-04 
  114 6.903591e-02 4.182205e-04 
  115 6.206499e-02 4.182205e-04 
  116 5.617660e-02 4.182205e-04 
  117 5.098498e-02 4.182205e-04 
  118 4.591184e-02 4.182205e-04 
  119 3.967824e-02 4.182205e-04 
  120 3.527206e-02 4.182205e-04 
  121 3.157152e-02 4.182205e-04 
  122 2.809043e-02 4.182205e-04 
  123 2.427949e-02 4.182205e-04 
  124 2.217108e-02 4.182205e-04 
  125 2.028684e-02 4.182205e-04 
  126 1.841096e-02 4.182205e-04 
  127 1.635727e-02 4.182205e-04 
  128 1.434911e-02 4.182205e-04 
  129 1.247780e-02 4.182205e-04 
  130 1.123241e-02 4.182205e-04 
  131 1.012468e-02 4.182205e-04 
  132 9.094019e-03 4.182205e-04 
  133 7.903844e-03 4.182205e-04 
  134 7.000972e-03 4.182205e-04 
  135 6.369611e-03 4.182205e-04 
  136 5.720780e-03 4.182205e-04 
  137 5.146025e-03 4.182205e-04 
  138 4.614952e-03 4.182205e-04 
  139 4.131063e-03 4.182205e-04 
  140 3.747737e-03 4.182205e-04 
  141 3.351077e-03 4.182205e-04 
  142 2.988799e-03 4.182205e-04 
  143 2.654843e-03 4.182205e-04 
  144 2.437841e-03 4.182205e-04 
  145 2.303145e-03 4.182205e-04 
  146 2.181610e-03 4.182205e-04 
  147 2.058992e-03 4.182205e-04 
  148 1.917067e-03 4.182205e-04 
  149 1.768191e-03 4.182205e-04 
  150 1.623648e-03 4.182205e-04 
  151 1.551296e-03 4.182205e-04 
  152 1.511238e-03 4.182205e-04 
  153 1.463052e-03 4.182205e-04 
  154 1.383284e-03 4.182205e-04 
  155 1.291121e-03 4.182205e-04 
  156 1.221278e-03 4.182205e-04 
  157 1.182074e-03 4.182205e-04 
  158 1.166314e-03 4.182205e-04 
  159 1.159902e-03 4.182205e-04 
  160 1.133073e-03 4.182205e-04 
  161 1.075719e-03 4.182205e-04 
  162 1.020726e-03 4.182205e-04 
  163 9.668322e-04 4.182205e-04 
  164 9.378184e-04 4.182205e-04 
  165 9.216823e-04 4.182205e-04 
  166 9.145135e-04 4.182205e-04 
  167 9.079605e-04 4.182205e-04 
  168 8.993650e-04 4.182205e-04 
  169 8.812100e-04 4.182205e-04 
  170 8.526983e-04 4.182205e-04 
  171 8.227124e-04 4.182205e-04 
  172 8.031503e-04 4.182205e-04 
  173 7.894349e-04 4.182205e-04 
  174 7.775916e-04 4.182205e-04 
  175 7.642924e-04 4.182205e-04 
  176 7.483251e-04 4.182205e-04 
  177 7.257387e-04 4.182205e-04 
  178 6.929071e-04 4.182205e-04 
  179 6.558781e-04 4.182205e-04 
  180 6.159274e-04 4.182205e-04 
  181 5.832047e-04 4.182205e-04 
  182 5.487084e-04 4.182205e-04 
  183 5.162948e-04 4.182205e-04 
  184 4.800833e-04 4.182205e-04 
  185 4.316058e-04 4.182205e-04 
  186 3.798015e-04 4.182205e-04 
Gmres(500) iterations:
  0 3.851712e+04 3.851712e-04 (1.000000e-08)  
  1 8.799294e+03 3.851712e-04 
  2 3.174787e+03 3.851712e-04 
  3 1.852064e+03 3.851712e-04 
  4 1.600802e+03 3.851712e-04 
  5 1.478468e+03 3.851712e-04 
  6 1.395756e+03 3.851712e-04 
  7 1.119151e+03 3.851712e-04 
  8 8.403892e+02 3.851712e-04 
  9 6.500300e+02 3.851712e-04 
  10 4.993497e+02 3.851712e-04 
  11 3.901917e+02 3.851712e-04 
  12 3.522826e+02 3.851712e-04 
  13 3.376117e+02 3.851712e-04 
  14 3.171231e+02 3.851712e-04 
  15 2.906341e+02 3.851712e-04 
  16 2.470009e+02 3.851712e-04 
  17 2.107518e+02 3.851712e-04 
  18 1.970029e+02 3.851712e-04 
  19 1.870850e+02 3.851712e-04 
  20 1.629083e+02 3.851712e-04 
  21 1.431415e+02 3.851712e-04 
  22 1.326679e+02 3.851712e-04 
  23 1.267206e+02 3.851712e-04 
  24 1.176341e+02 3.851712e-04 
  25 1.030894e+02 3.851712e-04 
  26 9.048468e+01 3.851712e-04 
  27 8.559142e+01 3.851712e-04 
  28 8.152337e+01 3.851712e-04 
  29 7.412806e+01 3.851712e-04 
  30 6.732574e+01 3.851712e-04 
  31 6.290168e+01 3.851712e-04 
  32 6.046583e+01 3.851712e-04 
  33 5.741304e+01 3.851712e-04 
  34 5.253893e+01 3.851712e-04 
  35 4.918649e+01 3.851712e-04 
  36 4.657108e+01 3.851712e-04 
  37 4.196349e+01 3.851712e-04 
  38 3.703781e+01 3.851712e-04 
  39 3.284584e+01 3.851712e-04 
  40 2.991209e+01 3.851712e-04 
  41 2.773435e+01 3.851712e-04 
  42 2.526314e+01 3.851712e-04 
  43 2.350916e+01 3.851712e-04 
  44 2.216862e+01 3.851712e-04 
  45 2.100732e+01 3.851712e-04 
  46 1.963251e+01 3.851712e-04 
  47 1.799948e+01 3.851712e-04 
  48 1.677629e+01 3.851712e-04 
  49 1.563004e+01 3.851712e-04 
  50 1.471074e+01 3.851712e-04 
  51 1.376679e+01 3.851712e-04 
  52 1.300665e+01 3.851712e-04 
  53 1.241049e+01 3.851712e-04 
  54 1.183912e+01 3.851712e-04 
  55 1.122527e+01 3.851712e-04 
  56 1.052595e+01 3.851712e-04 
  57 9.332059e+00 3.851712e-04 
  58 8.165007e+00 3.851712e-04 
  59 7.618097e+00 3.851712e-04 
  60 7.298177e+00 3.851712e-04 
  61 6.911870e+00 3.851712e-04 
  62 6.614771e+00 3.851712e-04 
  63 6.280666e+00 3.851712e-04 
  64 5.824747e+00 3.851712e-04 
  65 5.202302e+00 3.851712e-04 
  66 4.704369e+00 3.851712e-04 
  67 4.387394e+00 3.851712e-04 
  68 4.137199e+00 3.851712e-04 
  69 3.877041e+00 3.851712e-04 
  70 3.607250e+00 3.851712e-04 
  71 3.325230e+00 3.851712e-04 
  72 3.062928e+00 3.851712e-04 
  73 2.858754e+00 3.851712e-04 
  74 2.689419e+00 3.851712e-04 
  75 2.504513e+00 3.851712e-04 
  76 2.324317e+00 3.851712e-04 
  77 2.107941e+00 3.851712e-04 
  78 1.948630e+00 3.851712e-04 
  79 1.812744e+00 3.851712e-04 
  80 1.666348e+00 3.851712e-04 
  81 1.534710e+00 3.851712e-04 
  82 1.439329e+00 3.851712e-04 
  83 1.332832e+00 3.851712e-04 
  84 1.191746e+00 3.851712e-04 
  85 1.040203e+00 3.851712e-04 
  86 9.432824e-01 3.851712e-04 
  87 8.790327e-01 3.851712e-04 
  88 8.163957e-01 3.851712e-04 
  89 7.587409e-01 3.851712e-04 
  90 6.857561e-01 3.851712e-04 
  91 6.094549e-01 3.851712e-04 
  92 5.577238e-01 3.851712e-04 
  93 4.931302e-01 3.851712e-04 
  94 4.482765e-01 3.851712e-04 
  95 4.137968e-01 3.851712e-04 
  96 3.834152e-01 3.851712e-04 
  97 3.380324e-01 3.851712e-04 
  98 2.991950e-01 3.851712e-04 
  99 2.729318e-01 3.851712e-04 
  100 2.545353e-01 3.851712e-04 
  101 2.367046e-01 3.851712e-04 
  102 2.150928e-01 3.851712e-04 
  103 1.900065e-01 3.851712e-04 
  104 1.745794e-01 3.851712e-04 
  105 1.595360e-01 3.851712e-04 
  106 1.441040e-01 3.851712e-04 
  107 1.343193e-01 3.851712e-04 
  108 1.250271e-01 3.851712e-04 
  109 1.114015e-01 3.851712e-04 
  110 9.466432e-02 3.851712e-04 
  111 8.307067e-02 3.851712e-04 
  112 7.522087e-02 3.851712e-04 
  113 6.909101e-02 3.851712e-04 
  114 6.432138e-02 3.851712e-04 
  115 5.738868e-02 3.851712e-04 
  116 5.178693e-02 3.851712e-04 
  117 4.685813e-02 3.851712e-04 
  118 4.197210e-02 3.851712e-04 
  119 3.650649e-02 3.851712e-04 
  120 3.241154e-02 3.851712e-04 
  121 2.967217e-02 3.851712e-04 
  122 2.621968e-02 3.851712e-04 
  123 2.221079e-02 3.851712e-04 
  124 2.014157e-02 3.851712e-04 
  125 1.873478e-02 3.851712e-04 
  126 1.735642e-02 3.851712e-04 
  127 1.559627e-02 3.851712e-04 
  128 1.362565e-02 3.851712e-04 
  129 1.185515e-02 3.851712e-04 
  130 1.082968e-02 3.851712e-04 
  131 9.921955e-03 3.851712e-04 
  132 9.042058e-03 3.851712e-04 
  133 7.951031e-03 3.851712e-04 
  134 7.122922e-03 3.851712e-04 
  135 6.503393e-03 3.851712e-04 
  136 5.812081e-03 3.851712e-04 
  137 5.315095e-03 3.851712e-04 
  138 4.931935e-03 3.851712e-04 
  139 4.621370e-03 3.851712e-04 
  140 4.407579e-03 3.851712e-04 
  141 4.043789e-03 3.851712e-04 
  142 3.694582e-03 3.851712e-04 
  143 3.425329e-03 3.851712e-04 
  144 3.272115e-03 3.851712e-04 
  145 3.171817e-03 3.851712e-04 
  146 3.052908e-03 3.851712e-04 
  147 2.938323e-03 3.851712e-04 
  148 2.809062e-03 3.851712e-04 
  149 2.669689e-03 3.851712e-04 
  150 2.539943e-03 3.851712e-04 
  151 2.497437e-03 3.851712e-04 
  152 2.467884e-03 3.851712e-04 
  153 2.412141e-03 3.851712e-04 
  154 2.302045e-03 3.851712e-04 
  155 2.144190e-03 3.851712e-04 
  156 2.056344e-03 3.851712e-04 
  157 2.013688e-03 3.851712e-04 
  158 1.998487e-03 3.851712e-04 
  159 1.991980e-03 3.851712e-04 
  160 1.962438e-03 3.851712e-04 
  161 1.884033e-03 3.851712e-04 
  162 1.808884e-03 3.851712e-04 
  163 1.729523e-03 3.851712e-04 
  164 1.693866e-03 3.851712e-04 
  165 1.673456e-03 3.851712e-04 
  166 1.664177e-03 3.851712e-04 
  167 1.649742e-03 3.851712e-04 
  168 1.631850e-03 3.851712e-04 
  169 1.602994e-03 3.851712e-04 
  170 1.547990e-03 3.851712e-04 
  171 1.476862e-03 3.851712e-04 
  172 1.414879e-03 3.851712e-04 
  173 1.357905e-03 3.851712e-04 
  174 1.300197e-03 3.851712e-04 
  175 1.244855e-03 3.851712e-04 
  176 1.196675e-03 3.851712e-04 
  177 1.134777e-03 3.851712e-04 
  178 1.037013e-03 3.851712e-04 
  179 9.266445e-04 3.851712e-04 
  180 8.166592e-04 3.851712e-04 
  181 7.438627e-04 3.851712e-04 
  182 6.652251e-04 3.851712e-04 
  183 5.985992e-04 3.851712e-04 
  184 5.430732e-04 3.851712e-04 
  185 4.681358e-04 3.851712e-04 
  186 3.972688e-04 3.851712e-04 
  187 3.326483e-04 3.851712e-04 
Gmres(500) iterations:
  0 6.377495e+04 6.377495e-04 (1.000000e-08)  
  1 1.524304e+04 6.377495e-04 
  2 5.598834e+03 6.377495e-04 
  3 3.244067e+03 6.377495e-04 
  4 2.702660e+03 6.377495e-04 
  5 2.434994e+03 6.377495e-04 
  6 2.354290e+03 6.377495e-04 
  7 2.111091e+03 6.377495e-04 
  8 1.618461e+03 6.377495e-04 
  9 1.195479e+03 6.377495e-04 
  10 9.932365e+02 6.377495e-04 
  11 8.916470e+02 6.377495e-04 
  12 8.485203e+02 6.377495e-04 
  13 7.423266e+02 6.377495e-04 
  14 6.131872e+02 6.377495e-04 
  15 5.413994e+02 6.377495e-04 
  16 4.957704e+02 6.377495e-04 
  17 4.646821e+02 6.377495e-04 
  18 4.362292e+02 6.377495e-04 
  19 4.006192e+02 6.377495e-04 
  20 3.617016e+02 6.377495e-04 
  21 3.413973e+02 6.377495e-04 
  22 3.159116e+02 6.377495e-04 
  23 2.871270e+02 6.377495e-04 
  24 2.546598e+02 6.377495e-04 
  25 2.316885e+02 6.377495e-04 
  26 2.068110e+02 6.377495e-04 
  27 1.796923e+02 6.377495e-04 
  28 1.496345e+02 6.377495e-04 
  29 1.289649e+02 6.377495e-04 
  30 1.157826e+02 6.377495e-04 
  31 1.081963e+02 6.377495e-04 
  32 1.013836e+02 6.377495e-04 
  33 9.598265e+01 6.377495e-04 
  34 8.851219e+01 6.377495e-04 
  35 7.718331e+01 6.377495e-04 
  36 6.637707e+01 6.377495e-04 
  37 5.514575e+01 6.377495e-04 
  38 4.677079e+01 6.377495e-04 
  39 4.217249e+01 6.377495e-04 
  40 3.882524e+01 6.377495e-04 
  41 3.645931e+01 6.377495e-04 
  42 3.434714e+01 6.377495e-04 
  43 3.106326e+01 6.377495e-04 
  44 2.770735e+01 6.377495e-04 
  45 2.528967e+01 6.377495e-04 
  46 2.350005e+01 6.377495e-04 
  47 2.228818e+01 6.377495e-04 
  48 2.135860e+01 6.377495e-04 
  49 2.005193e+01 6.377495e-04 
  50 1.787068e+01 6.377495e-04 
  51 1.610872e+01 6.377495e-04 
  52 1.489508e+01 6.377495e-04 
  53 1.369834e+01 6.377495e-04 
  54 1.277344e+01 6.377495e-04 
  55 1.193539e+01 6.377495e-04 
  56 1.145503e+01 6.377495e-04 
  57 1.088128e+01 6.377495e-04 
  58 1.025056e+01 6.377495e-04 
  59 9.706143e+00 6.377495e-04 
  60 8.915782e+00 6.377495e-04 
  61 8.052184e+00 6.377495e-04 
  62 7.486485e+00 6.377495e-04 
  63 6.962061e+00 6.377495e-04 
  64 6.619134e+00 6.377495e-04 
  65 6.192890e+00 6.377495e-04 
  66 5.682878e+00 6.377495e-04 
  67 5.057266e+00 6.377495e-04 
  68 4.652560e+00 6.377495e-04 
  69 4.201351e+00 6.377495e-04 
  70 3.842755e+00 6.377495e-04 
  71 3.500160e+00 6.377495e-04 
  72 3.130905e+00 6.377495e-04 
  73 2.910337e+00 6.377495e-04 
  74 2.667875e+00 6.377495e-04 
  75 2.492063e+00 6.377495e-04 
  76 2.415995e+00 6.377495e-04 
  77 2.335860e+00 6.377495e-04 
  78 2.237359e+00 6.377495e-04 
  79 2.084942e+00 6.377495e-04 
  80 1.933603e+00 6.377495e-04 
  81 1.805687e+00 6.377495e-04 
  82 1.640620e+00 6.377495e-04 
  83 1.460915e+00 6.377495e-04 
  84 1.335033e+00 6.377495e-04 
  85 1.228842e+00 6.377495e-04 
  86 1.118259e+00 6.377495e-04 
  87 1.023630e+00 6.377495e-04 
  88 9.660617e-01 6.377495e-04 
  89 9.094571e-01 6.377495e-04 
  90 8.340561e-01 6.377495e-04 
  91 7.612402e-01 6.377495e-04 
  92 6.961928e-01 6.377495e-04 
  93 6.228370e-01 6.377495e-04 
  94 5.711838e-01 6.377495e-04 
  95 5.372378e-01 6.377495e-04 
  96 5.071262e-01 6.377495e-04 
  97 4.609286e-01 6.377495e-04 
  98 4.185423e-01 6.377495e-04 
  99 3.813542e-01 6.377495e-04 
  100 3.432916e-01 6.377495e-04 
  101 3.093186e-01 6.377495e-04 
  102 2.861864e-01 6.377495e-04 
  103 2.667568e-01 6.377495e-04 
  104 2.411452e-01 6.377495e-04 
  105 2.204848e-01 6.377495e-04 
  106 2.061173e-01 6.377495e-04 
  107 1.873199e-01 6.377495e-04 
  108 1.694205e-01 6.377495e-04 
  109 1.529260e-01 6.377495e-04 
  110 1.356080e-01 6.377495e-04 
  111 1.243002e-01 6.377495e-04 
  112 1.142246e-01 6.377495e-04 
  113 1.012536e-01 6.377495e-04 
  114 9.139259e-02 6.377495e-04 
  115 8.528948e-02 6.377495e-04 
  116 7.974398e-02 6.377495e-04 
  117 7.322452e-02 6.377495e-04 
  118 6.507669e-02 6.377495e-04 
  119 5.803402e-02 6.377495e-04 
  120 5.304909e-02 6.377495e-04 
  121 4.799594e-02 6.377495e-04 
  122 4.360473e-02 6.377495e-04 
  123 3.949285e-02 6.377495e-04 
  124 3.574290e-02 6.377495e-04 
  125 3.238610e-02 6.377495e-04 
  126 2.978068e-02 6.377495e-04 
  127 2.728029e-02 6.377495e-04 
  128 2.468485e-02 6.377495e-04 
  129 2.254372e-02 6.377495e-04 
  130 2.105007e-02 6.377495e-04 
  131 1.925601e-02 6.377495e-04 
  132 1.749091e-02 6.377495e-04 
  133 1.585177e-02 6.377495e-04 
  134 1.429563e-02 6.377495e-04 
  135 1.294558e-02 6.377495e-04 
  136 1.186293e-02 6.377495e-04 
  137 1.086235e-02 6.377495e-04 
  138 9.819541e-03 6.377495e-04 
  139 8.927496e-03 6.377495e-04 
  140 8.162384e-03 6.377495e-04 
  141 7.361146e-03 6.377495e-04 
  142 6.583959e-03 6.377495e-04 
  143 5.913751e-03 6.377495e-04 
  144 5.423933e-03 6.377495e-04 
  145 4.841539e-03 6.377495e-04 
  146 4.254687e-03 6.377495e-04 
  147 3.918017e-03 6.377495e-04 
  148 3.576582e-03 6.377495e-04 
  149 3.208224e-03 6.377495e-04 
  150 2.920234e-03 6.377495e-04 
  151 2.675841e-03 6.377495e-04 
  152 2.486531e-03 6.377495e-04 
  153 2.275760e-03 6.377495e-04 
  154 2.079736e-03 6.377495e-04 
  155 1.950778e-03 6.377495e-04 
  156 1.898085e-03 6.377495e-04 
  157 1.856476e-03 6.377495e-04 
  158 1.790285e-03 6.377495e-04 
  159 1.701483e-03 6.377495e-04 
  160 1.590599e-03 6.377495e-04 
  161 1.526341e-03 6.377495e-04 
  162 1.486959e-03 6.377495e-04 
  163 1.446207e-03 6.377495e-04 
  164 1.409159e-03 6.377495e-04 
  165 1.384223e-03 6.377495e-04 
  166 1.360735e-03 6.377495e-04 
  167 1.347679e-03 6.377495e-04 
  168 1.336753e-03 6.377495e-04 
  169 1.307888e-03 6.377495e-04 
  170 1.255151e-03 6.377495e-04 
  171 1.210303e-03 6.377495e-04 
  172 1.141806e-03 6.377495e-04 
  173 1.096935e-03 6.377495e-04 
  174 1.074016e-03 6.377495e-04 
  175 1.058321e-03 6.377495e-04 
  176 1.035636e-03 6.377495e-04 
  177 9.871953e-04 6.377495e-04 
  178 9.136983e-04 6.377495e-04 
  179 8.191613e-04 6.377495e-04 
  180 7.440424e-04 6.377495e-04 
  181 6.791836e-04 6.377495e-04 
  182 6.257070e-04 6.377495e-04 
Gmres(500) iterations:
  0 6.974882e+04 6.974882e-04 (1.000000e-08)  
  1 1.496650e+04 6.974882e-04 
  2 5.369967e+03 6.974882e-04 
  3 3.244331e+03 6.974882e-04 
  4 3.060483e+03 6.974882e-04 
  5 2.988823e+03 6.974882e-04 
  6 2.807769e+03 6.974882e-04 
  7 2.285173e+03 6.974882e-04 
  8 1.633500e+03 6.974882e-04 
  9 1.239028e+03 6.974882e-04 
  10 1.033684e+03 6.974882e-04 
  11 9.178143e+02 6.974882e-04 
  12 8.100203e+02 6.974882e-04 
  13 7.248741e+02 6.974882e-04 
  14 6.217114e+02 6.974882e-04 
  15 5.372701e+02 6.974882e-04 
  16 4.941611e+02 6.974882e-04 
  17 4.528151e+02 6.974882e-04 
  18 4.190010e+02 6.974882e-04 
  19 3.881382e+02 6.974882e-04 
  20 3.513907e+02 6.974882e-04 
  21 3.240505e+02 6.974882e-04 
  22 2.982278e+02 6.974882e-04 
  23 2.737483e+02 6.974882e-04 
  24 2.551906e+02 6.974882e-04 
  25 2.260619e+02 6.974882e-04 
  26 1.985440e+02 6.974882e-04 
  27 1.784610e+02 6.974882e-04 
  28 1.580573e+02 6.974882e-04 
  29 1.371899e+02 6.974882e-04 
  30 1.215313e+02 6.974882e-04 
  31 1.107631e+02 6.974882e-04 
  32 9.948827e+01 6.974882e-04 
  33 9.003085e+01 6.974882e-04 
  34 8.135870e+01 6.974882e-04 
  35 7.240397e+01 6.974882e-04 
  36 6.420234e+01 6.974882e-04 
  37 5.588535e+01 6.974882e-04 
  38 4.975947e+01 6.974882e-04 
  39 4.627573e+01 6.974882e-04 
  40 4.212403e+01 6.974882e-04 
  41 3.682644e+01 6.974882e-04 
  42 3.305127e+01 6.974882e-04 
  43 3.047070e+01 6.974882e-04 
  44 2.796494e+01 6.974882e-04 
  45 2.549706e+01 6.974882e-04 
  46 2.287938e+01 6.974882e-04 
  47 2.173826e+01 6.974882e-04 
  48 2.101166e+01 6.974882e-04 
  49 1.964326e+01 6.974882e-04 
  50 1.829758e+01 6.974882e-04 
  51 1.680576e+01 6.974882e-04 
  52 1.547203e+01 6.974882e-04 
  53 1.409757e+01 6.974882e-04 
  54 1.314190e+01 6.974882e-04 
  55 1.214684e+01 6.974882e-04 
  56 1.072946e+01 6.974882e-04 
  57 9.584714e+00 6.974882e-04 
  58 8.892108e+00 6.974882e-04 
  59 8.274511e+00 6.974882e-04 
  60 7.682898e+00 6.974882e-04 
  61 7.165880e+00 6.974882e-04 
  62 6.783190e+00 6.974882e-04 
  63 6.328845e+00 6.974882e-04 
  64 5.795814e+00 6.974882e-04 
  65 5.158153e+00 6.974882e-04 
  66 4.677624e+00 6.974882e-04 
  67 4.390984e+00 6.974882e-04 
  68 4.050398e+00 6.974882e-04 
  69 3.756735e+00 6.974882e-04 
  70 3.484211e+00 6.974882e-04 
  71 3.087501e+00 6.974882e-04 
  72 2.821700e+00 6.974882e-04 
  73 2.571968e+00 6.974882e-04 
  74 2.353545e+00 6.974882e-04 
  75 2.250047e+00 6.974882e-04 
  76 2.154198e+00 6.974882e-04 
  77 2.078435e+00 6.974882e-04 
  78 1.977857e+00 6.974882e-04 
  79 1.859992e+00 6.974882e-04 
  80 1.701523e+00 6.974882e-04 
  81 1.504862e+00 6.974882e-04 
  82 1.339677e+00 6.974882e-04 
  83 1.223229e+00 6.974882e-04 
  84 1.131897e+00 6.974882e-04 
  85 1.045744e+00 6.974882e-04 
  86 9.740594e-01 6.974882e-04 
  87 9.499023e-01 6.974882e-04 
  88 9.322929e-01 6.974882e-04 
  89 9.059660e-01 6.974882e-04 
  90 8.569921e-01 6.974882e-04 
  91 7.874657e-01 6.974882e-04 
  92 7.148174e-01 6.974882e-04 
  93 6.517032e-01 6.974882e-04 
  94 6.030217e-01 6.974882e-04 
  95 5.682266e-01 6.974882e-04 
  96 5.425257e-01 6.974882e-04 
  97 5.189364e-01 6.974882e-04 
  98 4.855900e-01 6.974882e-04 
  99 4.411133e-01 6.974882e-04 
  100 4.024326e-01 6.974882e-04 
  101 3.680353e-01 6.974882e-04 
  102 3.367542e-01 6.974882e-04 
  103 3.099498e-01 6.974882e-04 
  104 2.886009e-01 6.974882e-04 
  105 2.677204e-01 6.974882e-04 
  106 2.430526e-01 6.974882e-04 
  107 2.219101e-01 6.974882e-04 
  108 2.090566e-01 6.974882e-04 
  109 1.961721e-01 6.974882e-04 
  110 1.803830e-01 6.974882e-04 
  111 1.638346e-01 6.974882e-04 
  112 1.426610e-01 6.974882e-04 
  113 1.306603e-01 6.974882e-04 
  114 1.227172e-01 6.974882e-04 
  115 1.164528e-01 6.974882e-04 
  116 1.087402e-01 6.974882e-04 
  117 9.934604e-02 6.974882e-04 
  118 9.253617e-02 6.974882e-04 
  119 8.588070e-02 6.974882e-04 
  120 8.106471e-02 6.974882e-04 
  121 7.545348e-02 6.974882e-04 
  122 6.569503e-02 6.974882e-04 
  123 5.778998e-02 6.974882e-04 
  124 5.131696e-02 6.974882e-04 
  125 4.674153e-02 6.974882e-04 
  126 4.370169e-02 6.974882e-04 
  127 4.171115e-02 6.974882e-04 
  128 4.075397e-02 6.974882e-04 
  129 3.889986e-02 6.974882e-04 
  130 3.661025e-02 6.974882e-04 
  131 3.460844e-02 6.974882e-04 
  132 3.305966e-02 6.974882e-04 
  133 3.117372e-02 6.974882e-04 
  134 2.871523e-02 6.974882e-04 
  135 2.741530e-02 6.974882e-04 
  136 2.696370e-02 6.974882e-04 
  137 2.652354e-02 6.974882e-04 
  138 2.609285e-02 6.974882e-04 
  139 2.568097e-02 6.974882e-04 
  140 2.519003e-02 6.974882e-04 
  141 2.480944e-02 6.974882e-04 
  142 2.399462e-02 6.974882e-04 
  143 2.308062e-02 6.974882e-04 
  144 2.254200e-02 6.974882e-04 
  145 2.205648e-02 6.974882e-04 
  146 2.158789e-02 6.974882e-04 
  147 2.108040e-02 6.974882e-04 
  148 2.035416e-02 6.974882e-04 
  149 1.978649e-02 6.974882e-04 
  150 1.929485e-02 6.974882e-04 
  151 1.879263e-02 6.974882e-04 
  152 1.808034e-02 6.974882e-04 
  153 1.714682e-02 6.974882e-04 
  154 1.581816e-02 6.974882e-04 
  155 1.450753e-02 6.974882e-04 
  156 1.309970e-02 6.974882e-04 
  157 1.192627e-02 6.974882e-04 
  158 1.112749e-02 6.974882e-04 
  159 1.045647e-02 6.974882e-04 
  160 9.445858e-03 6.974882e-04 
  161 8.395991e-03 6.974882e-04 
  162 7.521479e-03 6.974882e-04 
  163 6.669591e-03 6.974882e-04 
  164 5.654502e-03 6.974882e-04 
  165 4.949657e-03 6.974882e-04 
  166 4.453726e-03 6.974882e-04 
  167 3.983111e-03 6.974882e-04 
  168 3.487567e-03 6.974882e-04 
  169 3.079624e-03 6.974882e-04 
  170 2.665768e-03 6.974882e-04 
  171 2.352528e-03 6.974882e-04 
  172 2.050211e-03 6.974882e-04 
  173 1.757178e-03 6.974882e-04 
  174 1.516334e-03 6.974882e-04 
  175 1.304851e-03 6.974882e-04 
  176 1.142828e-03 6.974882e-04 
  177 9.757917e-04 6.974882e-04 
  178 8.230745e-04 6.974882e-04 
  179 7.067645e-04 6.974882e-04 
  180 6.183052e-04 6.974882e-04 
Gmres(500) iterations:
  0 6.135123e+04 6.135123e-04 (1.000000e-08)  
  1 1.442248e+04 6.135123e-04 
  2 5.188944e+03 6.135123e-04 
  3 2.719208e+03 6.135123e-04 
  4 2.265856e+03 6.135123e-04 
  5 2.070171e+03 6.135123e-04 
  6 1.987482e+03 6.135123e-04 
  7 1.907728e+03 6.135123e-04 
  8 1.740660e+03 6.135123e-04 
  9 1.460207e+03 6.135123e-04 
  10 1.151562e+03 6.135123e-04 
  11 9.745336e+02 6.135123e-04 
  12 9.062696e+02 6.135123e-04 
  13 8.001963e+02 6.135123e-04 
  14 7.018223e+02 6.135123e-04 
  15 6.224798e+02 6.135123e-04 
  16 5.626131e+02 6.135123e-04 
  17 5.096772e+02 6.135123e-04 
  18 4.670964e+02 6.135123e-04 
  19 4.299960e+02 6.135123e-04 
  20 3.906756e+02 6.135123e-04 
  21 3.635482e+02 6.135123e-04 
  22 3.383146e+02 6.135123e-04 
  23 3.052204e+02 6.135123e-04 
  24 2.719238e+02 6.135123e-04 
  25 2.491325e+02 6.135123e-04 
  26 2.288727e+02 6.135123e-04 
  27 2.004930e+02 6.135123e-04 
  28 1.790488e+02 6.135123e-04 
  29 1.632899e+02 6.135123e-04 
  30 1.542561e+02 6.135123e-04 
  31 1.450686e+02 6.135123e-04 
  32 1.305929e+02 6.135123e-04 
  33 1.190845e+02 6.135123e-04 
  34 1.103502e+02 6.135123e-04 
  35 1.000371e+02 6.135123e-04 
  36 8.824674e+01 6.135123e-04 
  37 7.002736e+01 6.135123e-04 
  38 6.036117e+01 6.135123e-04 
  39 5.463481e+01 6.135123e-04 
  40 4.984487e+01 6.135123e-04 
  41 4.543259e+01 6.135123e-04 
  42 4.283964e+01 6.135123e-04 
  43 4.029225e+01 6.135123e-04 
  44 3.724716e+01 6.135123e-04 
  45 3.403501e+01 6.135123e-04 
  46 3.154171e+01 6.135123e-04 
  47 2.866798e+01 6.135123e-04 
  48 2.607891e+01 6.135123e-04 
  49 2.421745e+01 6.135123e-04 
  50 2.300869e+01 6.135123e-04 
  51 2.161177e+01 6.135123e-04 
  52 2.005677e+01 6.135123e-04 
  53 1.855869e+01 6.135123e-04 
  54 1.764556e+01 6.135123e-04 
  55 1.668924e+01 6.135123e-04 
  56 1.566568e+01 6.135123e-04 
  57 1.466492e+01 6.135123e-04 
  58 1.322366e+01 6.135123e-04 
  59 1.159154e+01 6.135123e-04 
  60 1.045717e+01 6.135123e-04 
  61 9.708951e+00 6.135123e-04 
  62 8.707162e+00 6.135123e-04 
  63 7.726276e+00 6.135123e-04 
  64 7.071113e+00 6.135123e-04 
  65 6.508322e+00 6.135123e-04 
  66 5.981936e+00 6.135123e-04 
  67 5.418582e+00 6.135123e-04 
  68 4.996371e+00 6.135123e-04 
  69 4.637623e+00 6.135123e-04 
  70 4.155695e+00 6.135123e-04 
  71 3.741240e+00 6.135123e-04 
  72 3.512312e+00 6.135123e-04 
  73 3.289235e+00 6.135123e-04 
  74 2.963613e+00 6.135123e-04 
  75 2.660479e+00 6.135123e-04 
  76 2.377108e+00 6.135123e-04 
  77 2.167186e+00 6.135123e-04 
  78 2.053300e+00 6.135123e-04 
  79 1.973230e+00 6.135123e-04 
  80 1.815481e+00 6.135123e-04 
  81 1.634444e+00 6.135123e-04 
  82 1.494087e+00 6.135123e-04 
  83 1.353295e+00 6.135123e-04 
  84 1.133810e+00 6.135123e-04 
  85 1.015060e+00 6.135123e-04 
  86 9.640519e-01 6.135123e-04 
  87 9.125698e-01 6.135123e-04 
  88 8.571720e-01 6.135123e-04 
  89 7.933888e-01 6.135123e-04 
  90 7.244158e-01 6.135123e-04 
  91 6.536731e-01 6.135123e-04 
  92 5.713453e-01 6.135123e-04 
  93 5.120641e-01 6.135123e-04 
  94 4.738361e-01 6.135123e-04 
  95 4.345204e-01 6.135123e-04 
  96 3.886998e-01 6.135123e-04 
  97 3.485833e-01 6.135123e-04 
  98 3.148360e-01 6.135123e-04 
  99 2.843786e-01 6.135123e-04 
  100 2.605321e-01 6.135123e-04 
  101 2.468058e-01 6.135123e-04 
  102 2.260116e-01 6.135123e-04 
  103 1.949295e-01 6.135123e-04 
  104 1.688127e-01 6.135123e-04 
  105 1.548853e-01 6.135123e-04 
  106 1.459997e-01 6.135123e-04 
  107 1.364493e-01 6.135123e-04 
  108 1.215079e-01 6.135123e-04 
  109 1.076177e-01 6.135123e-04 
  110 9.618828e-02 6.135123e-04 
  111 8.832642e-02 6.135123e-04 
  112 8.094664e-02 6.135123e-04 
  113 7.153187e-02 6.135123e-04 
  114 6.502853e-02 6.135123e-04 
  115 5.928317e-02 6.135123e-04 
  116 5.392210e-02 6.135123e-04 
  117 4.882630e-02 6.135123e-04 
  118 4.466403e-02 6.135123e-04 
  119 4.097426e-02 6.135123e-04 
  120 3.790337e-02 6.135123e-04 
  121 3.519232e-02 6.135123e-04 
  122 3.285914e-02 6.135123e-04 
  123 3.043374e-02 6.135123e-04 
  124 2.860949e-02 6.135123e-04 
  125 2.684881e-02 6.135123e-04 
  126 2.458755e-02 6.135123e-04 
  127 2.269730e-02 6.135123e-04 
  128 2.112054e-02 6.135123e-04 
  129 2.021692e-02 6.135123e-04 
  130 1.949157e-02 6.135123e-04 
  131 1.872946e-02 6.135123e-04 
  132 1.806051e-02 6.135123e-04 
  133 1.742379e-02 6.135123e-04 
  134 1.655562e-02 6.135123e-04 
  135 1.556746e-02 6.135123e-04 
  136 1.504120e-02 6.135123e-04 
  137 1.433231e-02 6.135123e-04 
  138 1.348054e-02 6.135123e-04 
  139 1.259595e-02 6.135123e-04 
  140 1.194305e-02 6.135123e-04 
  141 1.165966e-02 6.135123e-04 
  142 1.134428e-02 6.135123e-04 
  143 1.094832e-02 6.135123e-04 
  144 1.043703e-02 6.135123e-04 
  145 9.743615e-03 6.135123e-04 
  146 9.053959e-03 6.135123e-04 
  147 8.506860e-03 6.135123e-04 
  148 8.148225e-03 6.135123e-04 
  149 7.825134e-03 6.135123e-04 
  150 7.547765e-03 6.135123e-04 
  151 7.329667e-03 6.135123e-04 
  152 7.072065e-03 6.135123e-04 
  153 6.778822e-03 6.135123e-04 
  154 6.446406e-03 6.135123e-04 
  155 6.245189e-03 6.135123e-04 
  156 6.117587e-03 6.135123e-04 
  157 6.015636e-03 6.135123e-04 
  158 5.880952e-03 6.135123e-04 
  159 5.629677e-03 6.135123e-04 
  160 5.335978e-03 6.135123e-04 
  161 5.144784e-03 6.135123e-04 
  162 4.983855e-03 6.135123e-04 
  163 4.880367e-03 6.135123e-04 
  164 4.758925e-03 6.135123e-04 
  165 4.558883e-03 6.135123e-04 
  166 4.207473e-03 6.135123e-04 
  167 3.848574e-03 6.135123e-04 
  168 3.515370e-03 6.135123e-04 
  169 3.229627e-03 6.135123e-04 
  170 2.995696e-03 6.135123e-04 
  171 2.736325e-03 6.135123e-04 
  172 2.477350e-03 6.135123e-04 
  173 2.237518e-03 6.135123e-04 
  174 1.976069e-03 6.135123e-04 
  175 1.752397e-03 6.135123e-04 
  176 1.546876e-03 6.135123e-04 
  177 1.377976e-03 6.135123e-04 
  178 1.236317e-03 6.135123e-04 
  179 1.087323e-03 6.135123e-04 
  180 9.456922e-04 6.135123e-04 
  181 8.275993e-04 6.135123e-04 
  182 7.208520e-04 6.135123e-04 
  183 6.231987e-04 6.135123e-04 
  184 5.424857e-04 6.135123e-04 
Gmres(500) iterations:
  0 5.905464e+04 5.905464e-04 (1.000000e-08)  
  1 1.364942e+04 5.905464e-04 
  2 5.040609e+03 5.905464e-04 
  3 2.625403e+03 5.905464e-04 
  4 2.065684e+03 5.905464e-04 
  5 1.859346e+03 5.905464e-04 
  6 1.802922e+03 5.905464e-04 
  7 1.754104e+03 5.905464e-04 
  8 1.594068e+03 5.905464e-04 
  9 1.353098e+03 5.905464e-04 
  10 1.098209e+03 5.905464e-04 
  11 9.100342e+02 5.905464e-04 
  12 8.379005e+02 5.905464e-04 
  13 7.651274e+02 5.905464e-04 
  14 6.775656e+02 5.905464e-04 
  15 5.923099e+02 5.905464e-04 
  16 5.321775e+02 5.905464e-04 
  17 4.871616e+02 5.905464e-04 
  18 4.516776e+02 5.905464e-04 
  19 4.232061e+02 5.905464e-04 
  20 3.859839e+02 5.905464e-04 
  21 3.530345e+02 5.905464e-04 
  22 3.279038e+02 5.905464e-04 
  23 2.983689e+02 5.905464e-04 
  24 2.683698e+02 5.905464e-04 
  25 2.415170e+02 5.905464e-04 
  26 2.179710e+02 5.905464e-04 
  27 1.974695e+02 5.905464e-04 
  28 1.744708e+02 5.905464e-04 
  29 1.558490e+02 5.905464e-04 
  30 1.449516e+02 5.905464e-04 
  31 1.357314e+02 5.905464e-04 
  32 1.251602e+02 5.905464e-04 
  33 1.136720e+02 5.905464e-04 
  34 1.035770e+02 5.905464e-04 
  35 9.408594e+01 5.905464e-04 
  36 8.440942e+01 5.905464e-04 
  37 7.058598e+01 5.905464e-04 
  38 5.942083e+01 5.905464e-04 
  39 5.285932e+01 5.905464e-04 
  40 4.827730e+01 5.905464e-04 
  41 4.370176e+01 5.905464e-04 
  42 4.093648e+01 5.905464e-04 
  43 3.862270e+01 5.905464e-04 
  44 3.596549e+01 5.905464e-04 
  45 3.334973e+01 5.905464e-04 
  46 3.004880e+01 5.905464e-04 
  47 2.738528e+01 5.905464e-04 
  48 2.545137e+01 5.905464e-04 
  49 2.381357e+01 5.905464e-04 
  50 2.300268e+01 5.905464e-04 
  51 2.220308e+01 5.905464e-04 
  52 2.123556e+01 5.905464e-04 
  53 1.983085e+01 5.905464e-04 
  54 1.855833e+01 5.905464e-04 
  55 1.658009e+01 5.905464e-04 
  56 1.506028e+01 5.905464e-04 
  57 1.376178e+01 5.905464e-04 
  58 1.239751e+01 5.905464e-04 
  59 1.117338e+01 5.905464e-04 
  60 1.014099e+01 5.905464e-04 
  61 9.483564e+00 5.905464e-04 
  62 8.854800e+00 5.905464e-04 
  63 8.216523e+00 5.905464e-04 
  64 7.446687e+00 5.905464e-04 
  65 6.769434e+00 5.905464e-04 
  66 6.114494e+00 5.905464e-04 
  67 5.490147e+00 5.905464e-04 
  68 5.016203e+00 5.905464e-04 
  69 4.641556e+00 5.905464e-04 
  70 4.239876e+00 5.905464e-04 
  71 3.845061e+00 5.905464e-04 
  72 3.558745e+00 5.905464e-04 
  73 3.251891e+00 5.905464e-04 
  74 2.993036e+00 5.905464e-04 
  75 2.833341e+00 5.905464e-04 
  76 2.563991e+00 5.905464e-04 
  77 2.294625e+00 5.905464e-04 
  78 2.077092e+00 5.905464e-04 
  79 1.875368e+00 5.905464e-04 
  80 1.688088e+00 5.905464e-04 
  81 1.534292e+00 5.905464e-04 
  82 1.421954e+00 5.905464e-04 
  83 1.306572e+00 5.905464e-04 
  84 1.186830e+00 5.905464e-04 
  85 1.070442e+00 5.905464e-04 
  86 9.879440e-01 5.905464e-04 
  87 9.189775e-01 5.905464e-04 
  88 8.497637e-01 5.905464e-04 
  89 7.540312e-01 5.905464e-04 
  90 6.721104e-01 5.905464e-04 
  91 5.923831e-01 5.905464e-04 
  92 5.201161e-01 5.905464e-04 
  93 4.725630e-01 5.905464e-04 
  94 4.476188e-01 5.905464e-04 
  95 4.207269e-01 5.905464e-04 
  96 3.851984e-01 5.905464e-04 
  97 3.514678e-01 5.905464e-04 
  98 3.313004e-01 5.905464e-04 
  99 3.075018e-01 5.905464e-04 
  100 2.792669e-01 5.905464e-04 
  101 2.530496e-01 5.905464e-04 
  102 2.258114e-01 5.905464e-04 
  103 1.993488e-01 5.905464e-04 
  104 1.777005e-01 5.905464e-04 
  105 1.599503e-01 5.905464e-04 
  106 1.447418e-01 5.905464e-04 
  107 1.299770e-01 5.905464e-04 
  108 1.143749e-01 5.905464e-04 
  109 1.037149e-01 5.905464e-04 
  110 9.381772e-02 5.905464e-04 
  111 8.592340e-02 5.905464e-04 
  112 7.920109e-02 5.905464e-04 
  113 7.378479e-02 5.905464e-04 
  114 6.950755e-02 5.905464e-04 
  115 6.378574e-02 5.905464e-04 
  116 5.665402e-02 5.905464e-04 
  117 5.031725e-02 5.905464e-04 
  118 4.647555e-02 5.905464e-04 
  119 4.202025e-02 5.905464e-04 
  120 3.843770e-02 5.905464e-04 
  121 3.591518e-02 5.905464e-04 
  122 3.321914e-02 5.905464e-04 
  123 3.110515e-02 5.905464e-04 
  124 2.972838e-02 5.905464e-04 
  125 2.848842e-02 5.905464e-04 
  126 2.604905e-02 5.905464e-04 
  127 2.348591e-02 5.905464e-04 
  128 2.150403e-02 5.905464e-04 
  129 2.006693e-02 5.905464e-04 
  130 1.905919e-02 5.905464e-04 
  131 1.809184e-02 5.905464e-04 
  132 1.668798e-02 5.905464e-04 
  133 1.528892e-02 5.905464e-04 
  134 1.410204e-02 5.905464e-04 
  135 1.324739e-02 5.905464e-04 
  136 1.248227e-02 5.905464e-04 
  137 1.154976e-02 5.905464e-04 
  138 1.045834e-02 5.905464e-04 
  139 9.478396e-03 5.905464e-04 
  140 8.651839e-03 5.905464e-04 
  141 8.085239e-03 5.905464e-04 
  142 7.587994e-03 5.905464e-04 
  143 7.094111e-03 5.905464e-04 
  144 6.754952e-03 5.905464e-04 
  145 6.430032e-03 5.905464e-04 
  146 6.016490e-03 5.905464e-04 
  147 5.562352e-03 5.905464e-04 
  148 5.175570e-03 5.905464e-04 
  149 4.793466e-03 5.905464e-04 
  150 4.574894e-03 5.905464e-04 
  151 4.491407e-03 5.905464e-04 
  152 4.402398e-03 5.905464e-04 
  153 4.271654e-03 5.905464e-04 
  154 4.079294e-03 5.905464e-04 
  155 3.891115e-03 5.905464e-04 
  156 3.690285e-03 5.905464e-04 
  157 3.540845e-03 5.905464e-04 
  158 3.473495e-03 5.905464e-04 
  159 3.403202e-03 5.905464e-04 
  160 3.352006e-03 5.905464e-04 
  161 3.328342e-03 5.905464e-04 
  162 3.306874e-03 5.905464e-04 
  163 3.227910e-03 5.905464e-04 
  164 3.059537e-03 5.905464e-04 
  165 2.844635e-03 5.905464e-04 
  166 2.652756e-03 5.905464e-04 
  167 2.506249e-03 5.905464e-04 
  168 2.372996e-03 5.905464e-04 
  169 2.309961e-03 5.905464e-04 
  170 2.260536e-03 5.905464e-04 
  171 2.170994e-03 5.905464e-04 
  172 2.038789e-03 5.905464e-04 
  173 1.857923e-03 5.905464e-04 
  174 1.615210e-03 5.905464e-04 
  175 1.433431e-03 5.905464e-04 
  176 1.297304e-03 5.905464e-04 
  177 1.185322e-03 5.905464e-04 
  178 1.081344e-03 5.905464e-04 
  179 9.585090e-04 5.905464e-04 
  180 8.657562e-04 5.905464e-04 
  181 7.869039e-04 5.905464e-04 
  182 6.756657e-04 5.905464e-04 
  183 5.664077e-04 5.905464e-04 
Gmres(500) iterations:
  0 2.017860e+04 2.017860e-04 (1.000000e-08)  
  1 4.885696e+03 2.017860e-04 
  2 1.789273e+03 2.017860e-04 
  3 1.114710e+03 2.017860e-04 
  4 9.592440e+02 2.017860e-04 
  5 8.239827e+02 2.017860e-04 
  6 7.142470e+02 2.017860e-04 
  7 6.418889e+02 2.017860e-04 
  8 5.538960e+02 2.017860e-04 
  9 4.518822e+02 2.017860e-04 
  10 3.621294e+02 2.017860e-04 
  11 2.912420e+02 2.017860e-04 
  12 2.633047e+02 2.017860e-04 
  13 2.326278e+02 2.017860e-04 
  14 2.041630e+02 2.017860e-04 
  15 1.840546e+02 2.017860e-04 
  16 1.642170e+02 2.017860e-04 
  17 1.530770e+02 2.017860e-04 
  18 1.367589e+02 2.017860e-04 
  19 1.195423e+02 2.017860e-04 
  20 1.051524e+02 2.017860e-04 
  21 9.235180e+01 2.017860e-04 
  22 7.749376e+01 2.017860e-04 
  23 6.974597e+01 2.017860e-04 
  24 6.153921e+01 2.017860e-04 
  25 5.366380e+01 2.017860e-04 
  26 4.629320e+01 2.017860e-04 
  27 3.998735e+01 2.017860e-04 
  28 3.630439e+01 2.017860e-04 
  29 3.330576e+01 2.017860e-04 
  30 2.969922e+01 2.017860e-04 
  31 2.575393e+01 2.017860e-04 
  32 2.224146e+01 2.017860e-04 
  33 2.067316e+01 2.017860e-04 
  34 1.936895e+01 2.017860e-04 
  35 1.816905e+01 2.017860e-04 
  36 1.646876e+01 2.017860e-04 
  37 1.431761e+01 2.017860e-04 
  38 1.249721e+01 2.017860e-04 
  39 1.139640e+01 2.017860e-04 
  40 1.058939e+01 2.017860e-04 
  41 9.790291e+00 2.017860e-04 
  42 8.894679e+00 2.017860e-04 
  43 8.202867e+00 2.017860e-04 
  44 7.663047e+00 2.017860e-04 
  45 7.244240e+00 2.017860e-04 
  46 6.959300e+00 2.017860e-04 
  47 6.683140e+00 2.017860e-04 
  48 6.240949e+00 2.017860e-04 
  49 5.753218e+00 2.017860e-04 
  50 5.114716e+00 2.017860e-04 
  51 4.669769e+00 2.017860e-04 
  52 4.358180e+00 2.017860e-04 
  53 4.129225e+00 2.017860e-04 
  54 3.856418e+00 2.017860e-04 
  55 3.640781e+00 2.017860e-04 
  56 3.449462e+00 2.017860e-04 
  57 3.228726e+00 2.017860e-04 
  58 2.909834e+00 2.017860e-04 
  59 2.639277e+00 2.017860e-04 
  60 2.398608e+00 2.017860e-04 
  61 2.247648e+00 2.017860e-04 
  62 2.092271e+00 2.017860e-04 
  63 1.927300e+00 2.017860e-04 
  64 1.742979e+00 2.017860e-04 
  65 1.506526e+00 2.017860e-04 
  66 1.315847e+00 2.017860e-04 
  67 1.197930e+00 2.017860e-04 
  68 1.125884e+00 2.017860e-04 
  69 1.048275e+00 2.017860e-04 
  70 9.589406e-01 2.017860e-04 
  71 8.854459e-01 2.017860e-04 
  72 8.057220e-01 2.017860e-04 
  73 7.563577e-01 2.017860e-04 
  74 7.084037e-01 2.017860e-04 
  75 6.720875e-01 2.017860e-04 
  76 6.206999e-01 2.017860e-04 
  77 5.613943e-01 2.017860e-04 
  78 4.880475e-01 2.017860e-04 
  79 4.241678e-01 2.017860e-04 
  80 3.877457e-01 2.017860e-04 
  81 3.593684e-01 2.017860e-04 
  82 3.299193e-01 2.017860e-04 
  83 3.016741e-01 2.017860e-04 
  84 2.784157e-01 2.017860e-04 
  85 2.591848e-01 2.017860e-04 
  86 2.399712e-01 2.017860e-04 
  87 2.250809e-01 2.017860e-04 
  88 2.132683e-01 2.017860e-04 
  89 2.014781e-01 2.017860e-04 
  90 1.866761e-01 2.017860e-04 
  91 1.693208e-01 2.017860e-04 
  92 1.502180e-01 2.017860e-04 
  93 1.321401e-01 2.017860e-04 
  94 1.170913e-01 2.017860e-04 
  95 1.076340e-01 2.017860e-04 
  96 9.913405e-02 2.017860e-04 
  97 9.128063e-02 2.017860e-04 
  98 8.383812e-02 2.017860e-04 
  99 7.795896e-02 2.017860e-04 
  100 7.136218e-02 2.017860e-04 
  101 6.548682e-02 2.017860e-04 
  102 5.958595e-02 2.017860e-04 
  103 5.341333e-02 2.017860e-04 
  104 4.804992e-02 2.017860e-04 
  105 4.463231e-02 2.017860e-04 
  106 4.153268e-02 2.017860e-04 
  107 3.724946e-02 2.017860e-04 
  108 3.236624e-02 2.017860e-04 
  109 2.875796e-02 2.017860e-04 
  110 2.629553e-02 2.017860e-04 
  111 2.432962e-02 2.017860e-04 
  112 2.237949e-02 2.017860e-04 
  113 2.026304e-02 2.017860e-04 
  114 1.800666e-02 2.017860e-04 
  115 1.601306e-02 2.017860e-04 
  116 1.482890e-02 2.017860e-04 
  117 1.388432e-02 2.017860e-04 
  118 1.299504e-02 2.017860e-04 
  119 1.206258e-02 2.017860e-04 
  120 1.109600e-02 2.017860e-04 
  121 1.027469e-02 2.017860e-04 
  122 9.565978e-03 2.017860e-04 
  123 8.701677e-03 2.017860e-04 
  124 7.863584e-03 2.017860e-04 
  125 7.584234e-03 2.017860e-04 
  126 7.463737e-03 2.017860e-04 
  127 7.321799e-03 2.017860e-04 
  128 7.134785e-03 2.017860e-04 
  129 6.841556e-03 2.017860e-04 
  130 6.289052e-03 2.017860e-04 
  131 5.700789e-03 2.017860e-04 
  132 5.274048e-03 2.017860e-04 
  133 5.129349e-03 2.017860e-04 
  134 5.046503e-03 2.017860e-04 
  135 4.956992e-03 2.017860e-04 
  136 4.897713e-03 2.017860e-04 
  137 4.881718e-03 2.017860e-04 
  138 4.866080e-03 2.017860e-04 
  139 4.821221e-03 2.017860e-04 
  140 4.698048e-03 2.017860e-04 
  141 4.371932e-03 2.017860e-04 
  142 3.989684e-03 2.017860e-04 
  143 3.771851e-03 2.017860e-04 
  144 3.688864e-03 2.017860e-04 
  145 3.612846e-03 2.017860e-04 
  146 3.567266e-03 2.017860e-04 
  147 3.521251e-03 2.017860e-04 
  148 3.446115e-03 2.017860e-04 
  149 3.356356e-03 2.017860e-04 
  150 3.227103e-03 2.017860e-04 
  151 3.037713e-03 2.017860e-04 
  152 2.757673e-03 2.017860e-04 
  153 2.450784e-03 2.017860e-04 
  154 2.154691e-03 2.017860e-04 
  155 1.933038e-03 2.017860e-04 
  156 1.782215e-03 2.017860e-04 
  157 1.659316e-03 2.017860e-04 
  158 1.466366e-03 2.017860e-04 
  159 1.297308e-03 2.017860e-04 
  160 1.160877e-03 2.017860e-04 
  161 1.002433e-03 2.017860e-04 
  162 8.444794e-04 2.017860e-04 
  163 7.294647e-04 2.017860e-04 
  164 6.480007e-04 2.017860e-04 
  165 5.695414e-04 2.017860e-04 
  166 4.919501e-04 2.017860e-04 
  167 4.309709e-04 2.017860e-04 
  168 3.819638e-04 2.017860e-04 
  169 3.350117e-04 2.017860e-04 
  170 2.843579e-04 2.017860e-04 
  171 2.477506e-04 2.017860e-04 
  172 2.132156e-04 2.017860e-04 
  173 1.878510e-04 2.017860e-04 
Gmres(500) iterations:
  0 2.000375e+04 2.000375e-04 (1.000000e-08)  
  1 4.923175e+03 2.000375e-04 
  2 1.796091e+03 2.000375e-04 
  3 1.120647e+03 2.000375e-04 
  4 9.596294e+02 2.000375e-04 
  5 8.033289e+02 2.000375e-04 
  6 6.861097e+02 2.000375e-04 
  7 6.153023e+02 2.000375e-04 
  8 5.431919e+02 2.000375e-04 
  9 4.547685e+02 2.000375e-04 
  10 3.726251e+02 2.000375e-04 
  11 3.010123e+02 2.000375e-04 
  12 2.707225e+02 2.000375e-04 
  13 2.397615e+02 2.000375e-04 
  14 2.102170e+02 2.000375e-04 
  15 1.888351e+02 2.000375e-04 
  16 1.648109e+02 2.000375e-04 
  17 1.521774e+02 2.000375e-04 
  18 1.360027e+02 2.000375e-04 
  19 1.187395e+02 2.000375e-04 
  20 1.038571e+02 2.000375e-04 
  21 9.118099e+01 2.000375e-04 
  22 7.834656e+01 2.000375e-04 
  23 7.081322e+01 2.000375e-04 
  24 6.194638e+01 2.000375e-04 
  25 5.302345e+01 2.000375e-04 
  26 4.567278e+01 2.000375e-04 
  27 3.994793e+01 2.000375e-04 
  28 3.609292e+01 2.000375e-04 
  29 3.259097e+01 2.000375e-04 
  30 2.904734e+01 2.000375e-04 
  31 2.527054e+01 2.000375e-04 
  32 2.222549e+01 2.000375e-04 
  33 2.088855e+01 2.000375e-04 
  34 1.984868e+01 2.000375e-04 
  35 1.855844e+01 2.000375e-04 
  36 1.641185e+01 2.000375e-04 
  37 1.423938e+01 2.000375e-04 
  38 1.265257e+01 2.000375e-04 
  39 1.149983e+01 2.000375e-04 
  40 1.052391e+01 2.000375e-04 
  41 9.683829e+00 2.000375e-04 
  42 9.004207e+00 2.000375e-04 
  43 8.335801e+00 2.000375e-04 
  44 7.656701e+00 2.000375e-04 
  45 7.071598e+00 2.000375e-04 
  46 6.721270e+00 2.000375e-04 
  47 6.515308e+00 2.000375e-04 
  48 6.252347e+00 2.000375e-04 
  49 5.907167e+00 2.000375e-04 
  50 5.380628e+00 2.000375e-04 
  51 4.855419e+00 2.000375e-04 
  52 4.514357e+00 2.000375e-04 
  53 4.255465e+00 2.000375e-04 
  54 3.873637e+00 2.000375e-04 
  55 3.521240e+00 2.000375e-04 
  56 3.333922e+00 2.000375e-04 
  57 3.177496e+00 2.000375e-04 
  58 2.929889e+00 2.000375e-04 
  59 2.642505e+00 2.000375e-04 
  60 2.463356e+00 2.000375e-04 
  61 2.340618e+00 2.000375e-04 
  62 2.141575e+00 2.000375e-04 
  63 1.875227e+00 2.000375e-04 
  64 1.651872e+00 2.000375e-04 
  65 1.494315e+00 2.000375e-04 
  66 1.337140e+00 2.000375e-04 
  67 1.229671e+00 2.000375e-04 
  68 1.176492e+00 2.000375e-04 
  69 1.119202e+00 2.000375e-04 
  70 1.020149e+00 2.000375e-04 
  71 9.158130e-01 2.000375e-04 
  72 8.393270e-01 2.000375e-04 
  73 7.922269e-01 2.000375e-04 
  74 7.377839e-01 2.000375e-04 
  75 6.746122e-01 2.000375e-04 
  76 6.084116e-01 2.000375e-04 
  77 5.580058e-01 2.000375e-04 
  78 5.107532e-01 2.000375e-04 
  79 4.696850e-01 2.000375e-04 
  80 4.240796e-01 2.000375e-04 
  81 3.879335e-01 2.000375e-04 
  82 3.687709e-01 2.000375e-04 
  83 3.487903e-01 2.000375e-04 
  84 3.155982e-01 2.000375e-04 
  85 2.818334e-01 2.000375e-04 
  86 2.580105e-01 2.000375e-04 
  87 2.378389e-01 2.000375e-04 
  88 2.194844e-01 2.000375e-04 
  89 2.040160e-01 2.000375e-04 
  90 1.879053e-01 2.000375e-04 
  91 1.668286e-01 2.000375e-04 
  92 1.445419e-01 2.000375e-04 
  93 1.317275e-01 2.000375e-04 
  94 1.242262e-01 2.000375e-04 
  95 1.157515e-01 2.000375e-04 
  96 1.033912e-01 2.000375e-04 
  97 9.354380e-02 2.000375e-04 
  98 8.603385e-02 2.000375e-04 
  99 7.739505e-02 2.000375e-04 
  100 6.808298e-02 2.000375e-04 
  101 6.055274e-02 2.000375e-04 
  102 5.622409e-02 2.000375e-04 
  103 5.174240e-02 2.000375e-04 
  104 4.753995e-02 2.000375e-04 
  105 4.431680e-02 2.000375e-04 
  106 4.110861e-02 2.000375e-04 
  107 3.643948e-02 2.000375e-04 
  108 3.201482e-02 2.000375e-04 
  109 2.826137e-02 2.000375e-04 
  110 2.529509e-02 2.000375e-04 
  111 2.294132e-02 2.000375e-04 
  112 2.073707e-02 2.000375e-04 
  113 1.847629e-02 2.000375e-04 
  114 1.593986e-02 2.000375e-04 
  115 1.439332e-02 2.000375e-04 
  116 1.343276e-02 2.000375e-04 
  117 1.259685e-02 2.000375e-04 
  118 1.194771e-02 2.000375e-04 
  119 1.133162e-02 2.000375e-04 
  120 1.055661e-02 2.000375e-04 
  121 9.639656e-03 2.000375e-04 
  122 8.659419e-03 2.000375e-04 
  123 7.752573e-03 2.000375e-04 
  124 7.135831e-03 2.000375e-04 
  125 6.931133e-03 2.000375e-04 
  126 6.780996e-03 2.000375e-04 
  127 6.622645e-03 2.000375e-04 
  128 6.510766e-03 2.000375e-04 
  129 6.396387e-03 2.000375e-04 
  130 6.173257e-03 2.000375e-04 
  131 5.828399e-03 2.000375e-04 
  132 5.440955e-03 2.000375e-04 
  133 5.169399e-03 2.000375e-04 
  134 4.957786e-03 2.000375e-04 
  135 4.800157e-03 2.000375e-04 
  136 4.719880e-03 2.000375e-04 
  137 4.709161e-03 2.000375e-04 
  138 4.695411e-03 2.000375e-04 
  139 4.648898e-03 2.000375e-04 
  140 4.541756e-03 2.000375e-04 
  141 4.386089e-03 2.000375e-04 
  142 4.189445e-03 2.000375e-04 
  143 4.079803e-03 2.000375e-04 
  144 3.949330e-03 2.000375e-04 
  145 3.725333e-03 2.000375e-04 
  146 3.528084e-03 2.000375e-04 
  147 3.347573e-03 2.000375e-04 
  148 3.195841e-03 2.000375e-04 
  149 3.115708e-03 2.000375e-04 
  150 3.021388e-03 2.000375e-04 
  151 2.867648e-03 2.000375e-04 
  152 2.599329e-03 2.000375e-04 
  153 2.291773e-03 2.000375e-04 
  154 1.993221e-03 2.000375e-04 
  155 1.732262e-03 2.000375e-04 
  156 1.552300e-03 2.000375e-04 
  157 1.433205e-03 2.000375e-04 
  158 1.289335e-03 2.000375e-04 
  159 1.171123e-03 2.000375e-04 
  160 1.047453e-03 2.000375e-04 
  161 9.191773e-04 2.000375e-04 
  162 8.111776e-04 2.000375e-04 
  163 7.231388e-04 2.000375e-04 
  164 6.490393e-04 2.000375e-04 
  165 5.702224e-04 2.000375e-04 
  166 5.037985e-04 2.000375e-04 
  167 4.509103e-04 2.000375e-04 
  168 4.039322e-04 2.000375e-04 
  169 3.542123e-04 2.000375e-04 
  170 3.109059e-04 2.000375e-04 
  171 2.696927e-04 2.000375e-04 
  172 2.365112e-04 2.000375e-04 
  173 2.207581e-04 2.000375e-04 
  174 2.006728e-04 2.000375e-04 
  175 1.760120e-04 2.000375e-04 
