Gmres(500) iterations:
  0 1.316826e+03 1.316826e-05 (1.000000e-08)  
  1 1.275366e+03 1.316826e-05 
  2 1.274995e+03 1.316826e-05 
  3 1.272474e+03 1.316826e-05 
  4 1.268005e+03 1.316826e-05 
  5 1.258813e+03 1.316826e-05 
  6 1.258700e+03 1.316826e-05 
  7 1.258589e+03 1.316826e-05 
  8 1.257750e+03 1.316826e-05 
  9 1.255556e+03 1.316826e-05 
  10 1.249943e+03 1.316826e-05 
  11 1.247143e+03 1.316826e-05 
  12 1.239949e+03 1.316826e-05 
  13 1.237567e+03 1.316826e-05 
  14 1.234399e+03 1.316826e-05 
  15 1.217325e+03 1.316826e-05 
  16 1.166235e+03 1.316826e-05 
  17 9.371024e+02 1.316826e-05 
  18 5.854528e+02 1.316826e-05 
  19 3.172188e+02 1.316826e-05 
  20 1.936608e+02 1.316826e-05 
  21 1.268273e+02 1.316826e-05 
  22 8.470272e+01 1.316826e-05 
  23 6.575699e+01 1.316826e-05 
  24 3.596134e+01 1.316826e-05 
  25 2.094868e+01 1.316826e-05 
  26 9.208263e+00 1.316826e-05 
  27 4.942398e+00 1.316826e-05 
  28 2.476080e+00 1.316826e-05 
  29 1.190551e+00 1.316826e-05 
  30 5.800032e-01 1.316826e-05 
  31 2.758963e-01 1.316826e-05 
  32 1.435074e-01 1.316826e-05 
  33 8.427803e-02 1.316826e-05 
  34 4.707926e-02 1.316826e-05 
  35 2.880347e-02 1.316826e-05 
  36 1.822105e-02 1.316826e-05 
  37 9.304645e-03 1.316826e-05 
  38 3.887521e-03 1.316826e-05 
  39 2.063786e-03 1.316826e-05 
  40 8.825016e-04 1.316826e-05 
  41 5.351787e-04 1.316826e-05 
  42 2.426382e-04 1.316826e-05 
  43 1.019887e-04 1.316826e-05 
  44 5.598604e-05 1.316826e-05 
  45 2.869646e-05 1.316826e-05 
  46 1.374884e-05 1.316826e-05 
  47 6.048245e-06 1.316826e-05 
