Gmres(80) iterations:
  0 6.411790e+03 6.411790e+00 (1.000000e-03)  
  1 5.474316e+01 6.411790e+00 
  2 8.211021e-01 6.411790e+00 
Gmres(80) iterations:
  0 4.991183e+00 3.024488e-07 (6.059662e-08)  
  1 1.119491e-01 3.024488e-07 
  2 2.448232e-03 3.024488e-07 
  3 2.958272e-05 3.024488e-07 
  4 6.599912e-07 3.024488e-07 
  5 1.211154e-08 3.024488e-07 
Gmres(80) iterations:
  0 5.694395e+03 5.694395e+00 (1.000000e-03)  
  1 3.497754e+02 5.694395e+00 
  2 1.403915e+01 5.694395e+00 
  3 1.074980e+00 5.694395e+00 
Gmres(80) iterations:
  0 2.734491e+01 6.305711e-05 (2.305991e-06)  
  1 2.001527e+00 6.305711e-05 
  2 9.249065e-02 6.305711e-05 
  3 4.982923e-03 6.305711e-05 
  4 5.344111e-04 6.305711e-05 
  5 5.254980e-05 6.305711e-05 
Gmres(80) iterations:
  0 1.012692e-01 1.388925e-07 (1.371518e-06)  
  1 2.631400e-03 1.388925e-07 
  2 1.592391e-04 1.388925e-07 
  3 9.826479e-06 1.388925e-07 
  4 4.960144e-07 1.388925e-07 
  5 2.729276e-08 1.388925e-07 
Gmres(80) iterations:
  0 3.296814e+03 3.296814e+00 (1.000000e-03)  
  1 3.602130e+02 3.296814e+00 
  2 2.795958e+01 3.296814e+00 
  3 3.729179e+00 3.296814e+00 
  4 5.410267e-01 3.296814e+00 
Gmres(80) iterations:
  0 3.544925e+01 4.098569e-04 (1.156179e-05)  
  1 1.910584e+00 4.098569e-04 
  2 1.357960e-01 4.098569e-04 
  3 1.599114e-02 4.098569e-04 
  4 1.776633e-03 4.098569e-04 
  5 2.699973e-04 4.098569e-04 
Gmres(80) iterations:
  0 1.356415e-01 1.985928e-07 (1.464101e-06)  
  1 5.450829e-03 1.985928e-07 
  2 4.584086e-04 1.985928e-07 
  3 2.351355e-05 1.985928e-07 
  4 1.761634e-06 1.985928e-07 
  5 2.093352e-07 1.985928e-07 
  6 3.512898e-08 1.985928e-07 
Gmres(80) iterations:
  0 1.406995e+03 1.406995e+00 (1.000000e-03)  
  1 1.960043e+02 1.406995e+00 
  2 2.753395e+01 1.406995e+00 
  3 5.347225e+00 1.406995e+00 
  4 1.193587e+00 1.406995e+00 
Gmres(80) iterations:
  0 2.085091e+01 4.579206e-04 (2.196165e-05)  
  1 2.138042e+00 4.579206e-04 
  2 2.391777e-01 4.579206e-04 
  3 3.027711e-02 4.579206e-04 
  4 5.519177e-03 4.579206e-04 
  5 1.108819e-03 4.579206e-04 
  6 2.182499e-04 4.579206e-04 
Gmres(80) iterations:
  0 2.777420e-02 4.928044e-09 (1.774324e-07)  
  1 1.041933e-03 4.928044e-09 
  2 9.391621e-05 4.928044e-09 
  3 1.021620e-05 4.928044e-09 
  4 1.631639e-06 4.928044e-09 
  5 3.145777e-07 4.928044e-09 
  6 7.248840e-08 4.928044e-09 
  7 7.327914e-09 4.928044e-09 
  8 7.783904e-10 4.928044e-09 
Gmres(80) iterations:
  0 5.634888e+02 5.634888e-01 (1.000000e-03)  
  1 1.716245e+02 5.634888e-01 
  2 3.058058e+01 5.634888e-01 
  3 8.363473e+00 5.634888e-01 
  4 1.868676e+00 5.634888e-01 
  5 3.813169e-01 5.634888e-01 
Gmres(80) iterations:
  0 5.590827e+00 5.503735e-05 (9.844224e-06)  
  1 1.534346e+00 5.503735e-05 
  2 1.709585e-01 5.503735e-05 
  3 2.250168e-02 5.503735e-05 
  4 4.116651e-03 5.503735e-05 
  5 8.483091e-04 5.503735e-05 
  6 1.809062e-04 5.503735e-05 
  7 5.650716e-05 5.503735e-05 
  8 1.474906e-05 5.503735e-05 
Gmres(80) iterations:
  0 2.972529e+02 2.972529e-01 (1.000000e-03)  
  1 2.027328e+02 2.972529e-01 
  2 3.039972e+01 2.972529e-01 
  3 6.991689e+00 2.972529e-01 
  4 2.374811e+00 2.972529e-01 
  5 4.766615e-01 2.972529e-01 
  6 7.950810e-02 2.972529e-01 
Gmres(80) iterations:
  0 2.158397e+00 1.138000e-05 (5.272429e-06)  
  1 8.170509e-01 1.138000e-05 
  2 1.359351e-01 1.138000e-05 
  3 2.119380e-02 1.138000e-05 
  4 3.640837e-03 1.138000e-05 
  5 7.146941e-04 1.138000e-05 
  6 2.212364e-04 1.138000e-05 
  7 7.162362e-05 1.138000e-05 
  8 1.833120e-05 1.138000e-05 
  9 4.128265e-06 1.138000e-05 
Gmres(80) iterations:
  0 2.307131e+02 2.307131e-01 (1.000000e-03)  
  1 2.000557e+02 2.307131e-01 
  2 3.440759e+01 2.307131e-01 
  3 5.754808e+00 2.307131e-01 
  4 1.485214e+00 2.307131e-01 
  5 3.808323e-01 2.307131e-01 
  6 7.579502e-02 2.307131e-01 
Gmres(80) iterations:
  0 9.894257e-01 1.819722e-06 (1.839170e-06)  
  1 2.786737e-01 1.819722e-06 
  2 6.368895e-02 1.819722e-06 
  3 9.807737e-03 1.819722e-06 
  4 2.570275e-03 1.819722e-06 
  5 8.682651e-04 1.819722e-06 
  6 2.825311e-04 1.819722e-06 
  7 5.903686e-05 1.819722e-06 
  8 1.133590e-05 1.819722e-06 
  9 2.616876e-06 1.819722e-06 
  10 6.052598e-07 1.819722e-06 
Gmres(80) iterations:
  0 1.849331e+02 1.849331e-01 (1.000000e-03)  
  1 1.694477e+02 1.849331e-01 
  2 3.436633e+01 1.849331e-01 
  3 6.350147e+00 1.849331e-01 
  4 1.441849e+00 1.849331e-01 
  5 4.219527e-01 1.849331e-01 
  6 1.538317e-01 1.849331e-01 
Gmres(80) iterations:
  0 4.986118e-01 3.624587e-07 (7.269356e-07)  
  1 1.209439e-01 3.624587e-07 
  2 4.221913e-02 3.624587e-07 
  3 7.120844e-03 3.624587e-07 
  4 1.654079e-03 3.624587e-07 
  5 5.103968e-04 3.624587e-07 
  6 1.540243e-04 3.624587e-07 
  7 3.196294e-05 3.624587e-07 
  8 7.965283e-06 3.624587e-07 
  9 1.538518e-06 3.624587e-07 
  10 3.992121e-07 3.624587e-07 
  11 1.678216e-07 3.624587e-07 
Gmres(80) iterations:
  0 1.419794e+02 1.419794e-01 (1.000000e-03)  
  1 1.333469e+02 1.419794e-01 
  2 3.118787e+01 1.419794e-01 
  3 7.247138e+00 1.419794e-01 
  4 2.123184e+00 1.419794e-01 
  5 6.550262e-01 1.419794e-01 
  6 1.692987e-01 1.419794e-01 
  7 4.440328e-02 1.419794e-01 
Gmres(80) iterations:
  0 2.702970e-01 9.796536e-08 (3.624360e-07)  
  1 5.912304e-02 9.796536e-08 
  2 1.689584e-02 9.796536e-08 
  3 5.775835e-03 9.796536e-08 
  4 1.594607e-03 9.796536e-08 
  5 4.710192e-04 9.796536e-08 
  6 1.135001e-04 9.796536e-08 
  7 2.833725e-05 9.796536e-08 
  8 6.207186e-06 9.796536e-08 
  9 1.587399e-06 9.796536e-08 
  10 5.374792e-07 9.796536e-08 
  11 1.427839e-07 9.796536e-08 
  12 3.941538e-08 9.796536e-08 
Gmres(80) iterations:
  0 1.057189e+02 1.057189e-01 (1.000000e-03)  
  1 1.008834e+02 1.057189e-01 
  2 2.744151e+01 1.057189e-01 
  3 7.666832e+00 1.057189e-01 
  4 2.359671e+00 1.057189e-01 
  5 6.235326e-01 1.057189e-01 
  6 1.568854e-01 1.057189e-01 
  7 4.569205e-02 1.057189e-01 
Gmres(80) iterations:
  0 1.816239e-01 5.360609e-08 (2.951488e-07)  
  1 4.399773e-02 5.360609e-08 
  2 9.426810e-03 5.360609e-08 
  3 3.142940e-03 5.360609e-08 
  4 1.029524e-03 5.360609e-08 
  5 2.898386e-04 5.360609e-08 
  6 6.997695e-05 5.360609e-08 
  7 2.411005e-05 5.360609e-08 
  8 6.298846e-06 5.360609e-08 
  9 1.487706e-06 5.360609e-08 
  10 3.974168e-07 5.360609e-08 
  11 9.986460e-08 5.360609e-08 
  12 2.866376e-08 5.360609e-08 
Gmres(80) iterations:
  0 7.662362e+01 7.662362e-02 (1.000000e-03)  
  1 7.401908e+01 7.662362e-02 
  2 2.371762e+01 7.662362e-02 
  3 7.347488e+00 7.662362e-02 
  4 2.224037e+00 7.662362e-02 
  5 5.298457e-01 7.662362e-02 
  6 1.471167e-01 7.662362e-02 
  7 4.514557e-02 7.662362e-02 
Gmres(80) iterations:
  0 1.301667e-01 3.756422e-08 (2.885855e-07)  
  1 3.682176e-02 3.756422e-08 
  2 9.290426e-03 3.756422e-08 
  3 2.783564e-03 3.756422e-08 
  4 8.400544e-04 3.756422e-08 
  5 2.340609e-04 3.756422e-08 
  6 6.661194e-05 3.756422e-08 
  7 1.927957e-05 3.756422e-08 
  8 6.444607e-06 3.756422e-08 
  9 2.463584e-06 3.756422e-08 
  10 1.063640e-06 3.756422e-08 
  11 5.304627e-07 3.756422e-08 
  12 1.154822e-07 3.756422e-08 
  13 2.956089e-08 3.756422e-08 
Gmres(80) iterations:
  0 5.400743e+01 5.400743e-02 (1.000000e-03)  
  1 5.276538e+01 5.400743e-02 
  2 1.992348e+01 5.400743e-02 
  3 6.508280e+00 5.400743e-02 
  4 1.966862e+00 5.400743e-02 
  5 4.491541e-01 5.400743e-02 
  6 1.392844e-01 5.400743e-02 
  7 4.279147e-02 5.400743e-02 
Gmres(80) iterations:
  0 9.513460e-02 2.951946e-08 (3.102915e-07)  
  1 3.107811e-02 2.951946e-08 
  2 9.462245e-03 2.951946e-08 
  3 3.028741e-03 2.951946e-08 
  4 9.179406e-04 2.951946e-08 
  5 2.266248e-04 2.951946e-08 
  6 7.338936e-05 2.951946e-08 
  7 2.289842e-05 2.951946e-08 
  8 7.704017e-06 2.951946e-08 
  9 3.648814e-06 2.951946e-08 
  10 1.401103e-06 2.951946e-08 
  11 5.287424e-07 2.951946e-08 
  12 1.273907e-07 2.951946e-08 
  13 3.678864e-08 2.951946e-08 
  14 9.784629e-09 2.951946e-08 
Gmres(80) iterations:
  0 3.716171e+01 3.716171e-02 (1.000000e-03)  
  1 3.669305e+01 3.716171e-02 
  2 1.624336e+01 3.716171e-02 
  3 5.498835e+00 3.716171e-02 
  4 1.695966e+00 3.716171e-02 
  5 3.856331e-01 3.716171e-02 
  6 1.303551e-01 3.716171e-02 
  7 3.965974e-02 3.716171e-02 
  8 1.365621e-02 3.716171e-02 
Gmres(80) iterations:
  0 7.638656e-02 3.227449e-08 (4.225153e-07)  
  1 2.771276e-02 3.227449e-08 
  2 7.079522e-03 3.227449e-08 
  3 2.374324e-03 3.227449e-08 
  4 7.149125e-04 3.227449e-08 
  5 1.744713e-04 3.227449e-08 
  6 6.203924e-05 3.227449e-08 
  7 1.977126e-05 3.227449e-08 
  8 5.952470e-06 3.227449e-08 
  9 2.075195e-06 3.227449e-08 
  10 9.864615e-07 3.227449e-08 
  11 4.725101e-07 3.227449e-08 
  12 1.226526e-07 3.227449e-08 
  13 3.849979e-08 3.227449e-08 
  14 8.459909e-09 3.227449e-08 
Gmres(80) iterations:
  0 2.521522e+01 2.521522e-02 (1.000000e-03)  
  1 2.510021e+01 2.521522e-02 
  2 1.296136e+01 2.521522e-02 
  3 4.542686e+00 2.521522e-02 
  4 1.440196e+00 2.521522e-02 
  5 3.334053e-01 2.521522e-02 
  6 1.195423e-01 2.521522e-02 
  7 3.631666e-02 2.521522e-02 
  8 1.261539e-02 2.521522e-02 
Gmres(80) iterations:
  0 4.413364e-02 1.352022e-08 (3.063472e-07)  
  1 2.651563e-02 1.352022e-08 
  2 5.108710e-03 1.352022e-08 
  3 2.205035e-03 1.352022e-08 
  4 7.120492e-04 1.352022e-08 
  5 1.830765e-04 1.352022e-08 
  6 6.096536e-05 1.352022e-08 
  7 2.028074e-05 1.352022e-08 
  8 6.569824e-06 1.352022e-08 
  9 2.551347e-06 1.352022e-08 
  10 1.013067e-06 1.352022e-08 
  11 4.908124e-07 1.352022e-08 
  12 1.356143e-07 1.352022e-08 
  13 4.235898e-08 1.352022e-08 
  14 9.161628e-09 1.352022e-08 
Gmres(80) iterations:
  0 1.709454e+01 1.709454e-02 (1.000000e-03)  
  1 1.708608e+01 1.709454e-02 
  2 1.020869e+01 1.709454e-02 
  3 3.723061e+00 1.709454e-02 
  4 1.209833e+00 1.709454e-02 
  5 2.888150e-01 1.709454e-02 
  6 1.076700e-01 1.709454e-02 
  7 3.301449e-02 1.709454e-02 
  8 1.143973e-02 1.709454e-02 
Gmres(80) iterations:
  0 3.175175e-02 1.095439e-08 (3.450011e-07)  
  1 1.086263e-02 1.095439e-08 
  2 3.902489e-03 1.095439e-08 
  3 1.876865e-03 1.095439e-08 
  4 5.699952e-04 1.095439e-08 
  5 1.425827e-04 1.095439e-08 
  6 5.446975e-05 1.095439e-08 
  7 1.750937e-05 1.095439e-08 
  8 6.195705e-06 1.095439e-08 
  9 2.103157e-06 1.095439e-08 
  10 6.367086e-07 1.095439e-08 
  11 3.622165e-07 1.095439e-08 
  12 1.223069e-07 1.095439e-08 
  13 3.579832e-08 1.095439e-08 
  14 7.448332e-09 1.095439e-08 
Gmres(80) iterations:
  0 1.172680e+01 1.172680e-02 (1.000000e-03)  
  1 1.168865e+01 1.172680e-02 
  2 8.677640e+00 1.172680e-02 
  3 3.432128e+00 1.172680e-02 
  4 1.156977e+00 1.172680e-02 
  5 2.945191e-01 1.172680e-02 
  6 1.155541e-01 1.172680e-02 
  7 3.702738e-02 1.172680e-02 
  8 1.293240e-02 1.172680e-02 
  9 3.923981e-03 1.172680e-02 
Gmres(80) iterations:
  0 2.573169e-02 1.238928e-08 (4.814794e-07)  
  1 1.081583e-02 1.238928e-08 
  2 2.596438e-03 1.238928e-08 
  3 1.181281e-03 1.238928e-08 
  4 4.608570e-04 1.238928e-08 
  5 1.769543e-04 1.238928e-08 
  6 7.116738e-05 1.238928e-08 
  7 1.997465e-05 1.238928e-08 
  8 6.002377e-06 1.238928e-08 
  9 1.991238e-06 1.238928e-08 
  10 9.258139e-07 1.238928e-08 
  11 5.376745e-07 1.238928e-08 
  12 1.675342e-07 1.238928e-08 
  13 7.022216e-08 1.238928e-08 
  14 1.825889e-08 1.238928e-08 
  15 4.360559e-09 1.238928e-08 
Gmres(80) iterations:
  0 8.007770e+00 8.007770e-03 (1.000000e-03)  
  1 7.837406e+00 8.007770e-03 
  2 7.184344e+00 8.007770e-03 
  3 3.449927e+00 8.007770e-03 
  4 1.239202e+00 8.007770e-03 
  5 3.410480e-01 8.007770e-03 
  6 1.391987e-01 8.007770e-03 
  7 4.897635e-02 8.007770e-03 
  8 1.766429e-02 8.007770e-03 
  9 5.693313e-03 8.007770e-03 
Gmres(80) iterations:
  0 3.795854e-02 8.529142e-08 (2.246963e-06)  
  1 3.563256e-02 8.529142e-08 
  2 1.104448e-02 8.529142e-08 
  3 2.683627e-03 8.529142e-08 
  4 1.092590e-03 8.529142e-08 
  5 5.099936e-04 8.529142e-08 
  6 2.131533e-04 8.529142e-08 
  7 7.820733e-05 8.529142e-08 
  8 2.840053e-05 8.529142e-08 
  9 1.351749e-05 8.529142e-08 
  10 8.016761e-06 8.529142e-08 
  11 2.966304e-06 8.529142e-08 
  12 8.586577e-07 8.529142e-08 
  13 3.427728e-07 8.529142e-08 
  14 1.260115e-07 8.529142e-08 
  15 3.557595e-08 8.529142e-08 
Gmres(80) iterations:
  0 5.341933e+00 5.341933e-03 (1.000000e-03)  
  1 5.124924e+00 5.341933e-03 
  2 5.083073e+00 5.341933e-03 
  3 3.171287e+00 5.341933e-03 
  4 1.289618e+00 5.341933e-03 
  5 3.807054e-01 5.341933e-03 
  6 1.535082e-01 5.341933e-03 
  7 6.054426e-02 5.341933e-03 
  8 2.252544e-02 5.341933e-03 
  9 7.718821e-03 5.341933e-03 
  10 3.377933e-03 5.341933e-03 
Gmres(80) iterations:
  0 2.706949e-02 6.950940e-08 (2.567813e-06)  
  1 1.708436e-02 6.950940e-08 
  2 4.132081e-03 6.950940e-08 
  3 1.790540e-03 6.950940e-08 
  4 1.411047e-03 6.950940e-08 
  5 6.530700e-04 6.950940e-08 
  6 2.467925e-04 6.950940e-08 
  7 1.166116e-04 6.950940e-08 
  8 5.306344e-05 6.950940e-08 
  9 2.688980e-05 6.950940e-08 
  10 1.347481e-05 6.950940e-08 
  11 5.360581e-06 6.950940e-08 
  12 1.928921e-06 6.950940e-08 
  13 1.058333e-06 6.950940e-08 
  14 3.184346e-07 6.950940e-08 
  15 8.801135e-08 6.950940e-08 
  16 3.671614e-08 6.950940e-08 
Gmres(80) iterations:
  0 3.504796e+00 3.504796e-03 (1.000000e-03)  
  1 3.319796e+00 3.504796e-03 
  2 3.316211e+00 3.504796e-03 
  3 2.553195e+00 3.504796e-03 
  4 1.283968e+00 3.504796e-03 
  5 4.223839e-01 3.504796e-03 
  6 1.696523e-01 3.504796e-03 
  7 7.587346e-02 3.504796e-03 
  8 2.763600e-02 3.504796e-03 
  9 9.371879e-03 3.504796e-03 
  10 3.681534e-03 3.504796e-03 
  11 1.691546e-03 3.504796e-03 
Gmres(80) iterations:
  0 2.713504e-02 1.626544e-07 (5.994258e-06)  
  1 1.903657e-02 1.626544e-07 
  2 5.363155e-03 1.626544e-07 
  3 3.151483e-03 1.626544e-07 
  4 2.456521e-03 1.626544e-07 
  5 1.038837e-03 1.626544e-07 
  6 4.883507e-04 1.626544e-07 
  7 2.630864e-04 1.626544e-07 
  8 1.115097e-04 1.626544e-07 
  9 5.131238e-05 1.626544e-07 
  10 2.233710e-05 1.626544e-07 
  11 9.106725e-06 1.626544e-07 
  12 3.897180e-06 1.626544e-07 
  13 2.500679e-06 1.626544e-07 
  14 8.415967e-07 1.626544e-07 
  15 2.687867e-07 1.626544e-07 
  16 1.026638e-07 1.626544e-07 
Gmres(80) iterations:
  0 2.273077e+00 2.273077e-03 (1.000000e-03)  
  1 2.146191e+00 2.273077e-03 
  2 2.129979e+00 2.273077e-03 
  3 1.846075e+00 2.273077e-03 
  4 1.178409e+00 2.273077e-03 
  5 4.682811e-01 2.273077e-03 
  6 2.072666e-01 2.273077e-03 
  7 1.038801e-01 2.273077e-03 
  8 3.892987e-02 2.273077e-03 
  9 1.466436e-02 2.273077e-03 
  10 6.226084e-03 2.273077e-03 
  11 3.116128e-03 2.273077e-03 
  12 2.703700e-03 2.273077e-03 
  13 2.407976e-03 2.273077e-03 
  14 1.661194e-03 2.273077e-03 
Gmres(80) iterations:
  0 2.720475e-02 3.896780e-07 (1.432390e-05)  
  1 1.983720e-02 3.896780e-07 
  2 5.964103e-03 3.896780e-07 
  3 2.884472e-03 3.896780e-07 
  4 2.102885e-03 3.896780e-07 
  5 1.038543e-03 3.896780e-07 
  6 5.128433e-04 3.896780e-07 
  7 2.814126e-04 3.896780e-07 
  8 1.434660e-04 3.896780e-07 
  9 8.295177e-05 3.896780e-07 
  10 5.062842e-05 3.896780e-07 
  11 2.086032e-05 3.896780e-07 
  12 7.899917e-06 3.896780e-07 
  13 4.678563e-06 3.896780e-07 
  14 2.051157e-06 3.896780e-07 
  15 8.224058e-07 3.896780e-07 
  16 3.722128e-07 3.896780e-07 
Gmres(80) iterations:
  0 1.466488e+00 1.466488e-03 (1.000000e-03)  
  1 1.392901e+00 1.466488e-03 
  2 1.380357e+00 1.466488e-03 
  3 1.273239e+00 1.466488e-03 
  4 9.758373e-01 1.466488e-03 
  5 4.883952e-01 1.466488e-03 
  6 2.507538e-01 1.466488e-03 
  7 1.340522e-01 1.466488e-03 
  8 5.440936e-02 1.466488e-03 
  9 2.335898e-02 1.466488e-03 
  10 1.174328e-02 1.466488e-03 
  11 5.907157e-03 1.466488e-03 
  12 4.824780e-03 1.466488e-03 
  13 3.842297e-03 1.466488e-03 
  14 2.601472e-03 1.466488e-03 
  15 1.489391e-03 1.466488e-03 
  16 7.403262e-04 1.466488e-03 
Gmres(80) iterations:
  0 2.680325e-02 8.953758e-07 (3.340550e-05)  
  1 1.943972e-02 8.953758e-07 
  2 7.516108e-03 8.953758e-07 
  3 3.525594e-03 8.953758e-07 
  4 1.970420e-03 8.953758e-07 
  5 8.554208e-04 8.953758e-07 
  6 4.122288e-04 8.953758e-07 
  7 1.974185e-04 8.953758e-07 
  8 1.069742e-04 8.953758e-07 
  9 7.057092e-05 8.953758e-07 
  10 5.358047e-05 8.953758e-07 
  11 4.287098e-05 8.953758e-07 
  12 3.414036e-05 8.953758e-07 
  13 1.862652e-05 8.953758e-07 
  14 6.043278e-06 8.953758e-07 
  15 2.370738e-06 8.953758e-07 
  16 1.315557e-06 8.953758e-07 
  17 6.007140e-07 8.953758e-07 
Gmres(80) iterations:
  0 9.464663e-01 9.464663e-04 (1.000000e-03)  
  1 9.094420e-01 9.464663e-04 
  2 9.039541e-01 9.464663e-04 
  3 8.641386e-01 9.464663e-04 
  4 7.405921e-01 9.464663e-04 
  5 4.510502e-01 9.464663e-04 
  6 2.636825e-01 9.464663e-04 
  7 1.506790e-01 9.464663e-04 
  8 6.878656e-02 9.464663e-04 
  9 3.284154e-02 9.464663e-04 
  10 1.738985e-02 9.464663e-04 
  11 8.633614e-03 9.464663e-04 
  12 6.593440e-03 9.464663e-04 
  13 4.980849e-03 9.464663e-04 
  14 3.571600e-03 9.464663e-04 
  15 2.369206e-03 9.464663e-04 
  16 1.364615e-03 9.464663e-04 
  17 6.225086e-04 9.464663e-04 
Gmres(80) iterations:
  0 2.613536e-02 1.992852e-06 (7.625119e-05)  
  1 1.804584e-02 1.992852e-06 
  2 8.410556e-03 1.992852e-06 
  3 4.321096e-03 1.992852e-06 
  4 2.399353e-03 1.992852e-06 
  5 1.195267e-03 1.992852e-06 
  6 7.228076e-04 1.992852e-06 
  7 4.034401e-04 1.992852e-06 
  8 2.810430e-04 1.992852e-06 
  9 2.325429e-04 1.992852e-06 
  10 2.007707e-04 1.992852e-06 
  11 1.587437e-04 1.992852e-06 
  12 9.257105e-05 1.992852e-06 
  13 3.819084e-05 1.992852e-06 
  14 1.303597e-05 1.992852e-06 
  15 6.110537e-06 1.992852e-06 
  16 3.565927e-06 1.992852e-06 
  17 1.444926e-06 1.992852e-06 
Gmres(80) iterations:
  0 6.035391e-01 6.035391e-04 (1.000000e-03)  
  1 5.864202e-01 6.035391e-04 
  2 5.847330e-01 6.035391e-04 
  3 5.706393e-01 6.035391e-04 
  4 5.225138e-01 6.035391e-04 
  5 3.670597e-01 6.035391e-04 
  6 2.380551e-01 6.035391e-04 
  7 1.544875e-01 6.035391e-04 
  8 8.098172e-02 6.035391e-04 
  9 4.077430e-02 6.035391e-04 
  10 2.243279e-02 6.035391e-04 
  11 1.177507e-02 6.035391e-04 
  12 8.414606e-03 6.035391e-04 
  13 6.228679e-03 6.035391e-04 
  14 4.639240e-03 6.035391e-04 
  15 3.510690e-03 6.035391e-04 
  16 2.445461e-03 6.035391e-04 
  17 1.270871e-03 6.035391e-04 
  18 6.048175e-04 6.035391e-04 
  19 3.484234e-04 6.035391e-04 
Gmres(80) iterations:
  0 2.398362e-02 3.787332e-06 (1.579133e-04)  
  1 1.476830e-02 3.787332e-06 
  2 7.812219e-03 3.787332e-06 
  3 4.235568e-03 3.787332e-06 
  4 2.467668e-03 3.787332e-06 
  5 1.245876e-03 3.787332e-06 
  6 8.171151e-04 3.787332e-06 
  7 4.525914e-04 3.787332e-06 
  8 2.371452e-04 3.787332e-06 
  9 1.736167e-04 3.787332e-06 
  10 1.546369e-04 3.787332e-06 
  11 1.495174e-04 3.787332e-06 
  12 1.375146e-04 3.787332e-06 
  13 7.821777e-05 3.787332e-06 
  14 2.881167e-05 3.787332e-06 
  15 1.574341e-05 3.787332e-06 
  16 8.028359e-06 3.787332e-06 
  17 3.681032e-06 3.787332e-06 
Gmres(80) iterations:
  0 3.663583e-01 3.663583e-04 (1.000000e-03)  
  1 3.589247e-01 3.663583e-04 
  2 3.585332e-01 3.663583e-04 
  3 3.539470e-01 3.663583e-04 
  4 3.383656e-01 3.663583e-04 
  5 2.689446e-01 3.663583e-04 
  6 2.024312e-01 3.663583e-04 
  7 1.648805e-01 3.663583e-04 
  8 9.293489e-02 3.663583e-04 
  9 4.711468e-02 3.663583e-04 
  10 2.776270e-02 3.663583e-04 
  11 1.606331e-02 3.663583e-04 
  12 1.114375e-02 3.663583e-04 
  13 8.500496e-03 3.663583e-04 
  14 6.471202e-03 3.663583e-04 
  15 5.551440e-03 3.663583e-04 
  16 4.524448e-03 3.663583e-04 
  17 2.600487e-03 3.663583e-04 
  18 1.415176e-03 3.663583e-04 
  19 9.038089e-04 3.663583e-04 
  20 4.050646e-04 3.663583e-04 
  21 1.975549e-04 3.663583e-04 
Gmres(80) iterations:
  0 1.955159e-02 5.568451e-06 (2.848080e-04)  
  1 1.004434e-02 5.568451e-06 
  2 5.935008e-03 5.568451e-06 
  3 3.337042e-03 5.568451e-06 
  4 2.054844e-03 5.568451e-06 
  5 1.130482e-03 5.568451e-06 
  6 8.070819e-04 5.568451e-06 
  7 5.045114e-04 5.568451e-06 
  8 2.414038e-04 5.568451e-06 
  9 1.204948e-04 5.568451e-06 
  10 4.855263e-05 5.568451e-06 
  11 2.705847e-05 5.568451e-06 
  12 2.235285e-05 5.568451e-06 
  13 2.015075e-05 5.568451e-06 
  14 1.774852e-05 5.568451e-06 
  15 1.503005e-05 5.568451e-06 
  16 9.932740e-06 5.568451e-06 
  17 6.106444e-06 5.568451e-06 
  18 4.074146e-06 5.568451e-06 
Gmres(80) iterations:
  0 4.072566e-06 1.767014e-14 (4.338822e-09)  
  1 3.362245e-06 1.767014e-14 
  2 2.910434e-06 1.767014e-14 
  3 2.423674e-06 1.767014e-14 
  4 2.160543e-06 1.767014e-14 
  5 2.019350e-06 1.767014e-14 
  6 1.845480e-06 1.767014e-14 
  7 1.091363e-06 1.767014e-14 
  8 6.917448e-07 1.767014e-14 
  9 4.399157e-07 1.767014e-14 
  10 1.946187e-07 1.767014e-14 
  11 8.206072e-08 1.767014e-14 
  12 3.605676e-08 1.767014e-14 
  13 1.703589e-08 1.767014e-14 
  14 9.574331e-09 1.767014e-14 
  15 4.269405e-09 1.767014e-14 
  16 2.081323e-09 1.767014e-14 
  17 9.796046e-10 1.767014e-14 
  18 4.551230e-10 1.767014e-14 
  19 2.118755e-10 1.767014e-14 
  20 9.431619e-11 1.767014e-14 
  21 3.996919e-11 1.767014e-14 
  22 2.056360e-11 1.767014e-14 
  23 1.269864e-11 1.767014e-14 
  24 5.418021e-12 1.767014e-14 
  25 2.499021e-12 1.767014e-14 
  26 1.519083e-12 1.767014e-14 
  27 8.770862e-13 1.767014e-14 
  28 4.813889e-13 1.767014e-14 
  29 2.584931e-13 1.767014e-14 
  30 1.220485e-13 1.767014e-14 
  31 5.891724e-14 1.767014e-14 
  32 2.491702e-14 1.767014e-14 
  33 1.418763e-14 1.767014e-14 
Gmres(80) iterations:
  0 2.035254e-01 2.035254e-04 (1.000000e-03)  
  1 2.011488e-01 2.035254e-04 
  2 2.011244e-01 2.035254e-04 
  3 1.995064e-01 2.035254e-04 
  4 1.944736e-01 2.035254e-04 
  5 1.629011e-01 2.035254e-04 
  6 1.351671e-01 2.035254e-04 
  7 1.170855e-01 2.035254e-04 
  8 6.170088e-02 2.035254e-04 
  9 3.389491e-02 2.035254e-04 
  10 2.201980e-02 2.035254e-04 
  11 1.412887e-02 2.035254e-04 
  12 1.112034e-02 2.035254e-04 
  13 9.113381e-03 2.035254e-04 
  14 7.029753e-03 2.035254e-04 
  15 6.187339e-03 2.035254e-04 
  16 4.681054e-03 2.035254e-04 
  17 2.527127e-03 2.035254e-04 
  18 1.450328e-03 2.035254e-04 
  19 8.148543e-04 2.035254e-04 
  20 3.189901e-04 2.035254e-04 
  21 1.496158e-04 2.035254e-04 
Gmres(80) iterations:
  0 1.034301e-02 2.671181e-06 (2.582596e-04)  
  1 3.842258e-03 2.671181e-06 
  2 2.336111e-03 2.671181e-06 
  3 1.334027e-03 2.671181e-06 
  4 8.683389e-04 2.671181e-06 
  5 5.067964e-04 2.671181e-06 
  6 3.568890e-04 2.671181e-06 
  7 2.382037e-04 2.671181e-06 
  8 1.356682e-04 2.671181e-06 
  9 7.160123e-05 2.671181e-06 
  10 2.902824e-05 2.671181e-06 
  11 1.326037e-05 2.671181e-06 
  12 5.896327e-06 2.671181e-06 
  13 3.776724e-06 2.671181e-06 
  14 1.995705e-06 2.671181e-06 
Gmres(80) iterations:
  0 1.168454e-01 1.168454e-04 (1.000000e-03)  
  1 1.160431e-01 1.168454e-04 
  2 1.160419e-01 1.168454e-04 
  3 1.153786e-01 1.168454e-04 
  4 1.134853e-01 1.168454e-04 
  5 1.004007e-01 1.168454e-04 
  6 8.953735e-02 1.168454e-04 
  7 7.317978e-02 1.168454e-04 
  8 3.833968e-02 1.168454e-04 
  9 2.495107e-02 1.168454e-04 
  10 1.772067e-02 1.168454e-04 
  11 1.270173e-02 1.168454e-04 
  12 1.135101e-02 1.168454e-04 
  13 9.503461e-03 1.168454e-04 
  14 7.196005e-03 1.168454e-04 
  15 6.094500e-03 1.168454e-04 
  16 3.757466e-03 1.168454e-04 
  17 1.887415e-03 1.168454e-04 
  18 1.137025e-03 1.168454e-04 
  19 5.574678e-04 1.168454e-04 
  20 2.101386e-04 1.168454e-04 
  21 9.658411e-05 1.168454e-04 
Gmres(80) iterations:
  0 6.105563e-03 1.667072e-06 (2.730414e-04)  
  1 1.480298e-03 1.667072e-06 
  2 9.100941e-04 1.667072e-06 
  3 5.535109e-04 1.667072e-06 
  4 3.651650e-04 1.667072e-06 
  5 2.197833e-04 1.667072e-06 
  6 1.544822e-04 1.667072e-06 
  7 9.892775e-05 1.667072e-06 
  8 6.528318e-05 1.667072e-06 
  9 3.773752e-05 1.667072e-06 
  10 1.686311e-05 1.667072e-06 
  11 8.048718e-06 1.667072e-06 
  12 4.169163e-06 1.667072e-06 
  13 3.735064e-06 1.667072e-06 
  14 3.350466e-06 1.667072e-06 
  15 3.164912e-06 1.667072e-06 
  16 3.037016e-06 1.667072e-06 
  17 2.226138e-06 1.667072e-06 
  18 1.358850e-06 1.667072e-06 
Gmres(80) iterations:
  0 1.358905e-06 6.731561e-15 (4.953666e-09)  
  1 1.120274e-06 6.731561e-15 
  2 9.537182e-07 6.731561e-15 
  3 6.767513e-07 6.731561e-15 
  4 5.573423e-07 6.731561e-15 
  5 4.692220e-07 6.731561e-15 
  6 3.345261e-07 6.731561e-15 
  7 2.526218e-07 6.731561e-15 
  8 1.588046e-07 6.731561e-15 
  9 9.460078e-08 6.731561e-15 
  10 5.017677e-08 6.731561e-15 
  11 2.255499e-08 6.731561e-15 
  12 1.227951e-08 6.731561e-15 
  13 6.875573e-09 6.731561e-15 
  14 4.203692e-09 6.731561e-15 
  15 2.335955e-09 6.731561e-15 
  16 1.145827e-09 6.731561e-15 
  17 4.681481e-10 6.731561e-15 
  18 2.091700e-10 6.731561e-15 
  19 8.214675e-11 6.731561e-15 
  20 4.626715e-11 6.731561e-15 
  21 2.553264e-11 6.731561e-15 
  22 1.102170e-11 6.731561e-15 
  23 4.512827e-12 6.731561e-15 
  24 2.498327e-12 6.731561e-15 
  25 1.108694e-12 6.731561e-15 
  26 6.546066e-13 6.731561e-15 
  27 3.053223e-13 6.731561e-15 
  28 1.581305e-13 6.731561e-15 
  29 1.021715e-13 6.731561e-15 
  30 5.790158e-14 6.731561e-15 
  31 2.858398e-14 6.731561e-15 
  32 1.174362e-14 6.731561e-15 
  33 4.671944e-15 6.731561e-15 
Gmres(80) iterations:
  0 7.165069e-02 7.165069e-05 (1.000000e-03)  
  1 7.129405e-02 7.165069e-05 
  2 7.128391e-02 7.165069e-05 
  3 7.096712e-02 7.165069e-05 
  4 6.996766e-02 7.165069e-05 
  5 6.432726e-02 7.165069e-05 
  6 5.927121e-02 7.165069e-05 
  7 4.563103e-02 7.165069e-05 
  8 2.704111e-02 7.165069e-05 
  9 2.040052e-02 7.165069e-05 
  10 1.586137e-02 7.165069e-05 
  11 1.254137e-02 7.165069e-05 
  12 1.188592e-02 7.165069e-05 
  13 9.559831e-03 7.165069e-05 
  14 6.865088e-03 7.165069e-05 
  15 5.489112e-03 7.165069e-05 
  16 2.800141e-03 7.165069e-05 
  17 1.370476e-03 7.165069e-05 
  18 8.621802e-04 7.165069e-05 
  19 3.848419e-04 7.165069e-05 
  20 1.466609e-04 7.165069e-05 
  21 6.740468e-05 7.165069e-05 
Gmres(80) iterations:
  0 3.776461e-03 1.049093e-06 (2.777980e-04)  
  1 7.097714e-04 1.049093e-06 
  2 4.352435e-04 1.049093e-06 
  3 3.035721e-04 1.049093e-06 
  4 2.063618e-04 1.049093e-06 
  5 1.188082e-04 1.049093e-06 
  6 8.221960e-05 1.049093e-06 
  7 4.550445e-05 1.049093e-06 
  8 3.236403e-05 1.049093e-06 
  9 2.184038e-05 1.049093e-06 
  10 1.080440e-05 1.049093e-06 
  11 5.043817e-06 1.049093e-06 
  12 2.804077e-06 1.049093e-06 
  13 2.507437e-06 1.049093e-06 
  14 2.235031e-06 1.049093e-06 
  15 1.993075e-06 1.049093e-06 
  16 1.791684e-06 1.049093e-06 
  17 1.183025e-06 1.049093e-06 
  18 7.545907e-07 1.049093e-06 
Gmres(80) iterations:
  0 7.546151e-07 3.013051e-15 (3.992832e-09)  
  1 5.983134e-07 3.013051e-15 
  2 5.491165e-07 3.013051e-15 
  3 4.415290e-07 3.013051e-15 
  4 3.315918e-07 3.013051e-15 
  5 3.067904e-07 3.013051e-15 
  6 2.436761e-07 3.013051e-15 
  7 1.789269e-07 3.013051e-15 
  8 1.179984e-07 3.013051e-15 
  9 7.106869e-08 3.013051e-15 
  10 3.860582e-08 3.013051e-15 
  11 2.186262e-08 3.013051e-15 
  12 1.536506e-08 3.013051e-15 
  13 9.505465e-09 3.013051e-15 
  14 5.029421e-09 3.013051e-15 
  15 2.746422e-09 3.013051e-15 
  16 1.154641e-09 3.013051e-15 
  17 5.805161e-10 3.013051e-15 
  18 2.827123e-10 3.013051e-15 
  19 1.179674e-10 3.013051e-15 
  20 5.697068e-11 3.013051e-15 
  21 3.139325e-11 3.013051e-15 
  22 1.317677e-11 3.013051e-15 
  23 4.681283e-12 3.013051e-15 
  24 2.399661e-12 3.013051e-15 
  25 9.120052e-13 3.013051e-15 
  26 5.332077e-13 3.013051e-15 
  27 2.281237e-13 3.013051e-15 
  28 9.928497e-14 3.013051e-15 
  29 4.680271e-14 3.013051e-15 
  30 2.630438e-14 3.013051e-15 
  31 1.731724e-14 3.013051e-15 
  32 1.130150e-14 3.013051e-15 
  33 6.071572e-15 3.013051e-15 
  34 2.640610e-15 3.013051e-15 
Gmres(80) iterations:
  0 4.692730e-02 4.692730e-05 (1.000000e-03)  
  1 4.669701e-02 4.692730e-05 
  2 4.664522e-02 4.692730e-05 
  3 4.647561e-02 4.692730e-05 
  4 4.576580e-02 4.692730e-05 
  5 4.295526e-02 4.692730e-05 
  6 4.018867e-02 4.692730e-05 
  7 3.103470e-02 4.692730e-05 
  8 2.132225e-02 4.692730e-05 
  9 1.782584e-02 4.692730e-05 
  10 1.502640e-02 4.692730e-05 
  11 1.257196e-02 4.692730e-05 
  12 1.206556e-02 4.692730e-05 
  13 8.972769e-03 4.692730e-05 
  14 6.121068e-03 4.692730e-05 
  15 4.629558e-03 4.692730e-05 
  16 2.108160e-03 4.692730e-05 
  17 1.018250e-03 4.692730e-05 
  18 6.528595e-04 4.692730e-05 
  19 2.740105e-04 4.692730e-05 
  20 1.063024e-04 4.692730e-05 
  21 4.973131e-05 4.692730e-05 
  22 2.132239e-05 4.692730e-05 
Gmres(80) iterations:
  0 2.232658e-03 5.053767e-07 (2.263566e-04)  
  1 4.130522e-04 5.053767e-07 
  2 2.366394e-04 5.053767e-07 
  3 1.875526e-04 5.053767e-07 
  4 1.315732e-04 5.053767e-07 
  5 6.939342e-05 5.053767e-07 
  6 4.699139e-05 5.053767e-07 
  7 2.556525e-05 5.053767e-07 
  8 1.687783e-05 5.053767e-07 
  9 1.315124e-05 5.053767e-07 
  10 7.641619e-06 5.053767e-07 
  11 3.255937e-06 5.053767e-07 
  12 1.430314e-06 5.053767e-07 
  13 7.339167e-07 5.053767e-07 
  14 4.811167e-07 5.053767e-07 
Gmres(80) iterations:
  0 4.811144e-07 2.234090e-15 (4.643574e-09)  
  1 4.305611e-07 2.234090e-15 
  2 4.226242e-07 2.234090e-15 
  3 3.971214e-07 2.234090e-15 
  4 3.643903e-07 2.234090e-15 
  5 3.267148e-07 2.234090e-15 
  6 2.535117e-07 2.234090e-15 
  7 1.319097e-07 2.234090e-15 
  8 8.552312e-08 2.234090e-15 
  9 5.613281e-08 2.234090e-15 
  10 3.372884e-08 2.234090e-15 
  11 2.272039e-08 2.234090e-15 
  12 1.446303e-08 2.234090e-15 
  13 8.439321e-09 2.234090e-15 
  14 5.054168e-09 2.234090e-15 
  15 2.791227e-09 2.234090e-15 
  16 9.672726e-10 2.234090e-15 
  17 4.925825e-10 2.234090e-15 
  18 2.901845e-10 2.234090e-15 
  19 1.491277e-10 2.234090e-15 
  20 7.235259e-11 2.234090e-15 
  21 3.573871e-11 2.234090e-15 
  22 1.500009e-11 2.234090e-15 
  23 5.546417e-12 2.234090e-15 
  24 2.597531e-12 2.234090e-15 
  25 1.272998e-12 2.234090e-15 
  26 6.038719e-13 2.234090e-15 
  27 2.793155e-13 2.234090e-15 
  28 1.612731e-13 2.234090e-15 
  29 8.476910e-14 2.234090e-15 
  30 4.497603e-14 2.234090e-15 
  31 1.934885e-14 2.234090e-15 
  32 6.834727e-15 2.234090e-15 
  33 3.689172e-15 2.234090e-15 
  34 1.790958e-15 2.234090e-15 
Gmres(80) iterations:
  0 3.276626e-02 3.276626e-05 (1.000000e-03)  
  1 3.256807e-02 3.276626e-05 
  2 3.244990e-02 3.276626e-05 
  3 3.235582e-02 3.276626e-05 
  4 3.179360e-02 3.276626e-05 
  5 3.021188e-02 3.276626e-05 
  6 2.862462e-02 3.276626e-05 
  7 2.311080e-02 3.276626e-05 
  8 1.793379e-02 3.276626e-05 
  9 1.608284e-02 3.276626e-05 
  10 1.428007e-02 3.276626e-05 
  11 1.223991e-02 3.276626e-05 
  12 1.168456e-02 3.276626e-05 
  13 7.987598e-03 3.276626e-05 
  14 5.289677e-03 3.276626e-05 
  15 3.758134e-03 3.276626e-05 
  16 1.649614e-03 3.276626e-05 
  17 7.818170e-04 3.276626e-05 
  18 4.998619e-04 3.276626e-05 
  19 2.025825e-04 3.276626e-05 
  20 7.908105e-05 3.276626e-05 
  21 3.780106e-05 3.276626e-05 
  22 1.679783e-05 3.276626e-05 
Gmres(80) iterations:
  0 1.289353e-03 1.996468e-07 (1.548425e-04)  
  1 2.706558e-04 1.996468e-07 
  2 1.554361e-04 1.996468e-07 
  3 1.362495e-04 1.996468e-07 
  4 9.717507e-05 1.996468e-07 
  5 4.810891e-05 1.996468e-07 
  6 3.162871e-05 1.996468e-07 
  7 1.922923e-05 1.996468e-07 
  8 1.114864e-05 1.996468e-07 
  9 8.758330e-06 1.996468e-07 
  10 5.587793e-06 1.996468e-07 
  11 2.461446e-06 1.996468e-07 
  12 1.126599e-06 1.996468e-07 
  13 5.341928e-07 1.996468e-07 
  14 3.375988e-07 1.996468e-07 
  15 2.344619e-07 1.996468e-07 
  16 2.031433e-07 1.996468e-07 
  17 1.830726e-07 1.996468e-07 
Gmres(80) iterations:
  0 2.427391e-02 2.427391e-05 (1.000000e-03)  
  1 2.408359e-02 2.427391e-05 
  2 2.390796e-02 2.427391e-05 
  3 2.385801e-02 2.427391e-05 
  4 2.341751e-02 2.427391e-05 
  5 2.245355e-02 2.427391e-05 
  6 2.154456e-02 2.427391e-05 
  7 1.835737e-02 2.427391e-05 
  8 1.555970e-02 2.427391e-05 
  9 1.458470e-02 2.427391e-05 
  10 1.329557e-02 2.427391e-05 
  11 1.152394e-02 2.427391e-05 
  12 1.088138e-02 2.427391e-05 
  13 6.909460e-03 2.427391e-05 
  14 4.505460e-03 2.427391e-05 
  15 3.000023e-03 2.427391e-05 
  16 1.323905e-03 2.427391e-05 
  17 6.164783e-04 2.427391e-05 
  18 3.883660e-04 2.427391e-05 
  19 1.548697e-04 2.427391e-05 
  20 6.056070e-05 2.427391e-05 
  21 2.940793e-05 2.427391e-05 
  22 1.359409e-05 2.427391e-05 
Gmres(80) iterations:
  0 7.657791e-04 7.621337e-08 (9.952396e-05)  
  1 1.819359e-04 7.621337e-08 
  2 1.070340e-04 7.621337e-08 
  3 9.858454e-05 7.621337e-08 
  4 7.080132e-05 7.621337e-08 
  5 3.425166e-05 7.621337e-08 
  6 2.171089e-05 7.621337e-08 
  7 1.433234e-05 7.621337e-08 
  8 7.747039e-06 7.621337e-08 
  9 5.947227e-06 7.621337e-08 
  10 3.962305e-06 7.621337e-08 
  11 1.814164e-06 7.621337e-08 
  12 8.491588e-07 7.621337e-08 
  13 3.805873e-07 7.621337e-08 
  14 2.246158e-07 7.621337e-08 
  15 1.418527e-07 7.621337e-08 
  16 1.214858e-07 7.621337e-08 
  17 1.104763e-07 7.621337e-08 
  18 1.006495e-07 7.621337e-08 
  19 8.824998e-08 7.621337e-08 
  20 6.093570e-08 7.621337e-08 
Gmres(80) iterations:
  0 1.889935e-02 1.889935e-05 (1.000000e-03)  
  1 1.871857e-02 1.889935e-05 
  2 1.851572e-02 1.889935e-05 
  3 1.849198e-02 1.889935e-05 
  4 1.816257e-02 1.889935e-05 
  5 1.753873e-02 1.889935e-05 
  6 1.701958e-02 1.889935e-05 
  7 1.519316e-02 1.889935e-05 
  8 1.365459e-02 1.889935e-05 
  9 1.312500e-02 1.889935e-05 
  10 1.210343e-02 1.889935e-05 
  11 1.056706e-02 1.889935e-05 
  12 9.857743e-03 1.889935e-05 
  13 5.896469e-03 1.889935e-05 
  14 3.804341e-03 1.889935e-05 
  15 2.394252e-03 1.889935e-05 
  16 1.074681e-03 1.889935e-05 
  17 4.953520e-04 1.889935e-05 
  18 3.063747e-04 1.889935e-05 
  19 1.215782e-04 1.889935e-05 
  20 4.771232e-05 1.889935e-05 
  21 2.341246e-05 1.889935e-05 
  22 1.116535e-05 1.889935e-05 
Gmres(80) iterations:
  0 4.850040e-04 3.194053e-08 (6.585621e-05)  
  1 1.248661e-04 3.194053e-08 
  2 7.434237e-05 3.194053e-08 
  3 7.016057e-05 3.194053e-08 
  4 5.051919e-05 3.194053e-08 
  5 2.432783e-05 3.194053e-08 
  6 1.493990e-05 3.194053e-08 
  7 1.029787e-05 3.194053e-08 
  8 5.400501e-06 3.194053e-08 
  9 4.045986e-06 3.194053e-08 
  10 2.763000e-06 3.194053e-08 
  11 1.302557e-06 3.194053e-08 
  12 6.149636e-07 3.194053e-08 
  13 2.637300e-07 3.194053e-08 
  14 1.436451e-07 3.194053e-08 
  15 7.463423e-08 3.194053e-08 
  16 5.882611e-08 3.194053e-08 
  17 5.189862e-08 3.194053e-08 
  18 4.682115e-08 3.194053e-08 
  19 4.291981e-08 3.194053e-08 
  20 3.448468e-08 3.194053e-08 
  21 1.889434e-08 3.194053e-08 
Gmres(80) iterations:
  0 1.526298e-02 1.526298e-05 (1.000000e-03)  
  1 1.510068e-02 1.526298e-05 
  2 1.490074e-02 1.526298e-05 
  3 1.489140e-02 1.526298e-05 
  4 1.465519e-02 1.526298e-05 
  5 1.422806e-02 1.526298e-05 
  6 1.392736e-02 1.526298e-05 
  7 1.286948e-02 1.526298e-05 
  8 1.199521e-02 1.526298e-05 
  9 1.168538e-02 1.526298e-05 
  10 1.082310e-02 1.526298e-05 
  11 9.501336e-03 1.526298e-05 
  12 8.760721e-03 1.526298e-05 
  13 5.003588e-03 1.526298e-05 
  14 3.195858e-03 1.526298e-05 
  15 1.924894e-03 1.526298e-05 
  16 8.772316e-04 1.526298e-05 
  17 4.029640e-04 1.526298e-05 
  18 2.450602e-04 1.526298e-05 
  19 9.741712e-05 1.526298e-05 
  20 3.848161e-05 1.526298e-05 
  21 1.903489e-05 1.526298e-05 
  22 9.237621e-06 1.526298e-05 
Gmres(80) iterations:
  0 3.283204e-04 1.519199e-08 (4.627184e-05)  
  1 8.685335e-05 1.519199e-08 
  2 5.134002e-05 1.519199e-08 
  3 4.910852e-05 1.519199e-08 
  4 3.535851e-05 1.519199e-08 
  5 1.703925e-05 1.519199e-08 
  6 1.020859e-05 1.519199e-08 
  7 7.192799e-06 1.519199e-08 
  8 3.721043e-06 1.519199e-08 
  9 2.734019e-06 1.519199e-08 
  10 1.896051e-06 1.519199e-08 
  11 9.130344e-07 1.519199e-08 
  12 4.332531e-07 1.519199e-08 
  13 1.813892e-07 1.519199e-08 
  14 9.367360e-08 1.519199e-08 
  15 3.784252e-08 1.519199e-08 
  16 2.301672e-08 1.519199e-08 
  17 1.541107e-08 1.519199e-08 
  18 9.552653e-09 1.519199e-08 
Gmres(80) iterations:
  0 1.261583e-02 1.261583e-05 (1.000000e-03)  
  1 1.247906e-02 1.261583e-05 
  2 1.230122e-02 1.261583e-05 
  3 1.229866e-02 1.261583e-05 
  4 1.213347e-02 1.261583e-05 
  5 1.182407e-02 1.261583e-05 
  6 1.164414e-02 1.261583e-05 
  7 1.101742e-02 1.261583e-05 
  8 1.049650e-02 1.261583e-05 
  9 1.029624e-02 1.261583e-05 
  10 9.549916e-03 1.261583e-05 
  11 8.416732e-03 1.261583e-05 
  12 7.679775e-03 1.261583e-05 
  13 4.238112e-03 1.261583e-05 
  14 2.676902e-03 1.261583e-05 
  15 1.561545e-03 1.261583e-05 
  16 7.183205e-04 1.261583e-05 
  17 3.302506e-04 1.261583e-05 
  18 1.982641e-04 1.261583e-05 
  19 7.927693e-05 1.261583e-05 
  20 3.159821e-05 1.261583e-05 
  21 1.574637e-05 1.261583e-05 
  22 7.669322e-06 1.261583e-05 
Gmres(80) iterations:
  0 2.329911e-04 7.946689e-09 (3.410726e-05)  
  1 5.979654e-05 7.946689e-09 
  2 3.505371e-05 7.946689e-09 
  3 3.379112e-05 7.946689e-09 
  4 2.433977e-05 7.946689e-09 
  5 1.174897e-05 7.946689e-09 
  6 6.908693e-06 7.946689e-09 
  7 4.925917e-06 7.946689e-09 
  8 2.530607e-06 7.946689e-09 
  9 1.832742e-06 7.946689e-09 
  10 1.284531e-06 7.946689e-09 
  11 6.287920e-07 7.946689e-09 
  12 3.009465e-07 7.946689e-09 
  13 1.280379e-07 7.946689e-09 
  14 6.950737e-08 7.946689e-09 
  15 3.446109e-08 7.946689e-09 
  16 2.643881e-08 7.946689e-09 
  17 2.129362e-08 7.946689e-09 
  18 1.620875e-08 7.946689e-09 
  19 1.400229e-08 7.946689e-09 
  20 1.243910e-08 7.946689e-09 
  21 8.628723e-09 7.946689e-09 
  22 5.437742e-09 7.946689e-09 
Gmres(80) iterations:
  0 1.055896e-02 1.055896e-05 (1.000000e-03)  
  1 1.045011e-02 1.055896e-05 
  2 1.030237e-02 1.055896e-05 
  3 1.030216e-02 1.055896e-05 
  4 1.018764e-02 1.055896e-05 
  5 9.951231e-03 1.055896e-05 
  6 9.838432e-03 1.055896e-05 
  7 9.456972e-03 1.055896e-05 
  8 9.129383e-03 1.055896e-05 
  9 8.986345e-03 1.055896e-05 
  10 8.339666e-03 1.055896e-05 
  11 7.368758e-03 1.055896e-05 
  12 6.664217e-03 1.055896e-05 
  13 3.589643e-03 1.055896e-05 
  14 2.238679e-03 1.055896e-05 
  15 1.277337e-03 1.055896e-05 
  16 5.892847e-04 1.055896e-05 
  17 2.717533e-04 1.055896e-05 
  18 1.618057e-04 1.055896e-05 
  19 6.525116e-05 1.055896e-05 
  20 2.628772e-05 1.055896e-05 
  21 1.319636e-05 1.055896e-05 
  22 6.375530e-06 1.055896e-05 
Gmres(80) iterations:
  0 1.696413e-04 4.378777e-09 (2.581197e-05)  
  1 4.003887e-05 4.378777e-09 
  2 2.363636e-05 4.378777e-09 
  3 2.287429e-05 4.378777e-09 
  4 1.653768e-05 4.378777e-09 
  5 7.993591e-06 4.378777e-09 
  6 4.631614e-06 4.378777e-09 
  7 3.325479e-06 4.378777e-09 
  8 1.704439e-06 4.378777e-09 
  9 1.221904e-06 4.378777e-09 
  10 8.619743e-07 4.378777e-09 
  11 4.289718e-07 4.378777e-09 
  12 2.093020e-07 4.378777e-09 
  13 9.657482e-08 4.378777e-09 
  14 6.145564e-08 4.378777e-09 
  15 4.285029e-08 4.378777e-09 
  16 3.806875e-08 4.378777e-09 
  17 3.231523e-08 4.378777e-09 
  18 2.438025e-08 4.378777e-09 
  19 1.942611e-08 4.378777e-09 
  20 1.446732e-08 4.378777e-09 
  21 7.241288e-09 4.378777e-09 
  22 3.918539e-09 4.378777e-09 
Gmres(80) iterations:
  0 8.884043e-03 8.884043e-06 (1.000000e-03)  
  1 8.801640e-03 8.884043e-06 
  2 8.684614e-03 8.884043e-06 
  3 8.684447e-03 8.884043e-06 
  4 8.604851e-03 8.884043e-06 
  5 8.415742e-03 8.884043e-06 
  6 8.340930e-03 8.884043e-06 
  7 8.102959e-03 8.884043e-06 
  8 7.886109e-03 8.884043e-06 
  9 7.775069e-03 8.884043e-06 
  10 7.221066e-03 8.884043e-06 
  11 6.389989e-03 8.884043e-06 
  12 5.738223e-03 8.884043e-06 
  13 3.043067e-03 8.884043e-06 
  14 1.870823e-03 8.884043e-06 
  15 1.052257e-03 8.884043e-06 
  16 4.838945e-04 8.884043e-06 
  17 2.240258e-04 8.884043e-06 
  18 1.328632e-04 8.884043e-06 
  19 5.412712e-05 8.884043e-06 
  20 2.206940e-05 8.884043e-06 
  21 1.115474e-05 8.884043e-06 
  22 5.298885e-06 8.884043e-06 
Gmres(80) iterations:
  0 1.245759e-04 2.449516e-09 (1.966285e-05)  
  1 2.598442e-05 2.449516e-09 
  2 1.577668e-05 2.449516e-09 
  3 1.528730e-05 2.449516e-09 
  4 1.111892e-05 2.449516e-09 
  5 5.375532e-06 2.449516e-09 
  6 3.082176e-06 2.449516e-09 
  7 2.224736e-06 2.449516e-09 
  8 1.140368e-06 2.449516e-09 
  9 8.108614e-07 2.449516e-09 
  10 5.743453e-07 2.449516e-09 
  11 2.926976e-07 2.449516e-09 
  12 1.485828e-07 2.449516e-09 
  13 7.962414e-08 2.449516e-09 
  14 5.952850e-08 2.449516e-09 
  15 4.838939e-08 2.449516e-09 
  16 4.359002e-08 2.449516e-09 
  17 3.450935e-08 2.449516e-09 
  18 2.287221e-08 2.449516e-09 
  19 1.649174e-08 2.449516e-09 
  20 1.102591e-08 2.449516e-09 
  21 5.010538e-09 2.449516e-09 
  22 2.597426e-09 2.449516e-09 
  23 1.359079e-09 2.449516e-09 
Gmres(80) iterations:
  0 7.482309e-03 7.482309e-06 (1.000000e-03)  
  1 7.422657e-03 7.482309e-06 
  2 7.333230e-03 7.482309e-06 
  3 7.332111e-03 7.482309e-06 
  4 7.276346e-03 7.482309e-06 
  5 7.119597e-03 7.482309e-06 
  6 7.066770e-03 7.482309e-06 
  7 6.915666e-03 7.482309e-06 
  8 6.765905e-03 7.482309e-06 
  9 6.674182e-03 7.482309e-06 
  10 6.207410e-03 7.482309e-06 
  11 5.498130e-03 7.482309e-06 
  12 4.910947e-03 7.482309e-06 
  13 2.583254e-03 7.482309e-06 
  14 1.563232e-03 7.482309e-06 
  15 8.720176e-04 7.482309e-06 
  16 3.974818e-04 7.482309e-06 
  17 1.847587e-04 7.482309e-06 
  18 1.095203e-04 7.482309e-06 
  19 4.511256e-05 7.482309e-06 
  20 1.863624e-05 7.482309e-06 
  21 9.471587e-06 7.482309e-06 
  22 4.397745e-06 7.482309e-06 
Gmres(80) iterations:
  0 9.113501e-05 1.352024e-09 (1.483540e-05)  
  1 1.645285e-05 1.352024e-09 
  2 1.045836e-05 1.352024e-09 
  3 1.012049e-05 1.352024e-09 
  4 7.414708e-06 1.352024e-09 
  5 3.580863e-06 1.352024e-09 
  6 2.044948e-06 1.352024e-09 
  7 1.482028e-06 1.352024e-09 
  8 7.621241e-07 1.352024e-09 
  9 5.401457e-07 1.352024e-09 
  10 3.832373e-07 1.352024e-09 
  11 2.030595e-07 1.352024e-09 
  12 1.109529e-07 1.352024e-09 
  13 7.137038e-08 1.352024e-09 
  14 5.903949e-08 1.352024e-09 
  15 5.046375e-08 1.352024e-09 
  16 4.387307e-08 1.352024e-09 
  17 3.047421e-08 1.352024e-09 
  18 1.776558e-08 1.352024e-09 
  19 1.200109e-08 1.352024e-09 
  20 7.608835e-09 1.352024e-09 
  21 3.330915e-09 1.352024e-09 
  22 1.686579e-09 1.352024e-09 
  23 8.758374e-10 1.352024e-09 
Gmres(80) iterations:
  0 6.294556e-03 6.294556e-06 (1.000000e-03)  
  1 6.253176e-03 6.294556e-06 
  2 6.186870e-03 6.294556e-06 
  3 6.184533e-03 6.294556e-06 
  4 6.145116e-03 6.294556e-06 
  5 6.011961e-03 6.294556e-06 
  6 5.972112e-03 6.294556e-06 
  7 5.875303e-03 6.294556e-06 
  8 5.768620e-03 6.294556e-06 
  9 5.689465e-03 6.294556e-06 
  10 5.303025e-03 6.294556e-06 
  11 4.700938e-03 6.294556e-06 
  12 4.182801e-03 6.294556e-06 
  13 2.196483e-03 6.294556e-06 
  14 1.306733e-03 6.294556e-06 
  15 7.263751e-04 6.294556e-06 
  16 3.264630e-04 6.294556e-06 
  17 1.523098e-04 6.294556e-06 
  18 9.045907e-05 6.294556e-06 
  19 3.767902e-05 6.294556e-06 
  20 1.578518e-05 6.294556e-06 
  21 8.049722e-06 6.294556e-06 
  22 3.640337e-06 6.294556e-06 
Gmres(80) iterations:
  0 6.585828e-05 7.209433e-10 (1.094689e-05)  
  1 1.029003e-05 7.209433e-10 
  2 6.905606e-06 7.209433e-10 
  3 6.659797e-06 7.209433e-10 
  4 4.939073e-06 7.209433e-10 
  5 2.372355e-06 7.209433e-10 
  6 1.358372e-06 7.209433e-10 
  7 9.884264e-07 7.209433e-10 
  8 5.129798e-07 7.209433e-10 
  9 3.639938e-07 7.209433e-10 
  10 2.594985e-07 7.209433e-10 
  11 1.466443e-07 7.209433e-10 
  12 8.943792e-08 7.209433e-10 
  13 6.738771e-08 7.209433e-10 
  14 5.812399e-08 7.209433e-10 
  15 4.931022e-08 7.209433e-10 
  16 3.961239e-08 7.209433e-10 
  17 2.350553e-08 7.209433e-10 
  18 1.262943e-08 7.209433e-10 
  19 8.222473e-09 7.209433e-10 
  20 5.045681e-09 7.209433e-10 
  21 2.164236e-09 7.209433e-10 
  22 1.076444e-09 7.209433e-10 
  23 5.577680e-10 7.209433e-10 
Gmres(80) iterations:
  0 5.285179e-03 5.285179e-06 (1.000000e-03)  
  1 5.257693e-03 5.285179e-06 
  2 5.209912e-03 5.285179e-06 
  3 5.206463e-03 5.285179e-06 
  4 5.178426e-03 5.285179e-06 
  5 5.063666e-03 5.285179e-06 
  6 5.031578e-03 5.285179e-06 
  7 4.969508e-03 5.285179e-06 
  8 4.892000e-03 5.285179e-06 
  9 4.821615e-03 5.285179e-06 
  10 4.506635e-03 5.285179e-06 
  11 3.999399e-03 5.285179e-06 
  12 3.549259e-03 5.285179e-06 
  13 1.870796e-03 5.285179e-06 
  14 1.093268e-03 5.285179e-06 
  15 6.078326e-04 5.285179e-06 
  16 2.680326e-04 5.285179e-06 
  17 1.254522e-04 5.285179e-06 
  18 7.475854e-05 5.285179e-06 
  19 3.146905e-05 5.285179e-06 
  20 1.337753e-05 5.285179e-06 
  21 6.826742e-06 5.285179e-06 
  22 3.001448e-06 5.285179e-06 
Gmres(80) iterations:
  0 4.687458e-05 3.687168e-10 (7.866029e-06)  
  1 6.445162e-06 3.687168e-10 
  2 4.558004e-06 3.687168e-10 
  3 4.366855e-06 3.687168e-10 
  4 3.284981e-06 3.687168e-10 
  5 1.564818e-06 3.687168e-10 
  6 9.077127e-07 3.687168e-10 
  7 6.626126e-07 3.687168e-10 
  8 3.497269e-07 3.687168e-10 
  9 2.512498e-07 3.687168e-10 
  10 1.818910e-07 3.687168e-10 
  11 1.132396e-07 3.687168e-10 
  12 7.799809e-08 3.687168e-10 
  13 6.492507e-08 3.687168e-10 
  14 5.579824e-08 3.687168e-10 
  15 4.503926e-08 3.687168e-10 
  16 3.220101e-08 3.687168e-10 
  17 1.669243e-08 3.687168e-10 
  18 8.673720e-09 3.687168e-10 
  19 5.518118e-09 3.687168e-10 
  20 3.286889e-09 3.687168e-10 
  21 1.388297e-09 3.687168e-10 
  22 6.809088e-10 3.687168e-10 
  23 3.540875e-10 3.687168e-10 
Gmres(80) iterations:
  0 4.429357e-03 4.429357e-06 (1.000000e-03)  
  1 4.411943e-03 4.429357e-06 
  2 4.378525e-03 4.429357e-06 
  3 4.374231e-03 4.429357e-06 
  4 4.354262e-03 4.429357e-06 
  5 4.254748e-03 4.429357e-06 
  6 4.227328e-03 4.429357e-06 
  7 4.187745e-03 4.429357e-06 
  8 4.130890e-03 4.429357e-06 
  9 4.067070e-03 4.429357e-06 
  10 3.813352e-03 4.429357e-06 
  11 3.389957e-03 4.429357e-06 
  12 3.003155e-03 4.429357e-06 
  13 1.596004e-03 4.429357e-06 
  14 9.158830e-04 4.429357e-06 
  15 5.107644e-04 4.429357e-06 
  16 2.199571e-04 4.429357e-06 
  17 1.032323e-04 4.429357e-06 
  18 6.176300e-05 4.429357e-06 
  19 2.623671e-05 4.429357e-06 
  20 1.131589e-05 4.429357e-06 
  21 5.762641e-06 4.429357e-06 
  22 2.460828e-06 4.429357e-06 
Gmres(80) iterations:
  0 3.281713e-05 1.801442e-10 (5.489334e-06)  
  1 4.104889e-06 1.801442e-10 
  2 3.029731e-06 1.801442e-10 
  3 2.878646e-06 1.801442e-10 
  4 2.208654e-06 1.801442e-10 
  5 1.033535e-06 1.801442e-10 
  6 6.146891e-07 1.801442e-10 
  7 4.492272e-07 1.801442e-10 
  8 2.447429e-07 1.801442e-10 
  9 1.807873e-07 1.801442e-10 
  10 1.357300e-07 1.801442e-10 
  11 9.482297e-08 1.801442e-10 
  12 7.232154e-08 1.801442e-10 
  13 6.288389e-08 1.801442e-10 
  14 5.184148e-08 1.801442e-10 
  15 3.825921e-08 1.801442e-10 
  16 2.403314e-08 1.801442e-10 
  17 1.140131e-08 1.801442e-10 
  18 5.909007e-09 1.801442e-10 
  19 3.688135e-09 1.801442e-10 
  20 2.114880e-09 1.801442e-10 
  21 8.807937e-10 1.801442e-10 
  22 4.296557e-10 1.801442e-10 
  23 2.254302e-10 1.801442e-10 
  24 1.165620e-10 1.801442e-10 
Gmres(80) iterations:
  0 3.707138e-03 3.707138e-06 (1.000000e-03)  
  1 3.696696e-03 3.707138e-06 
  2 3.674100e-03 3.707138e-06 
  3 3.669268e-03 3.707138e-06 
  4 3.655119e-03 3.707138e-06 
  5 3.568846e-03 3.707138e-06 
  6 3.544241e-03 3.707138e-06 
  7 3.519217e-03 3.707138e-06 
  8 3.477480e-03 3.707138e-06 
  9 3.418968e-03 3.707138e-06 
  10 3.216004e-03 3.707138e-06 
  11 2.866170e-03 3.707138e-06 
  12 2.536076e-03 3.707138e-06 
  13 1.363589e-03 3.707138e-06 
  14 7.686429e-04 3.707138e-06 
  15 4.308496e-04 3.707138e-06 
  16 1.804352e-04 3.707138e-06 
  17 8.488562e-05 3.707138e-06 
  18 5.099185e-05 3.707138e-06 
  19 2.181002e-05 3.707138e-06 
  20 9.531847e-06 3.707138e-06 
  21 4.831718e-06 3.707138e-06 
  22 2.002510e-06 3.707138e-06 
Gmres(80) iterations:
  0 2.263312e-05 8.436375e-11 (3.727447e-06)  
  1 2.678674e-06 8.436375e-11 
  2 2.030295e-06 8.436375e-11 
  3 1.913786e-06 8.436375e-11 
  4 1.496532e-06 8.436375e-11 
  5 6.942962e-07 8.436375e-11 
  6 4.245875e-07 8.436375e-11 
  7 3.113451e-07 8.436375e-11 
  8 1.785790e-07 8.436375e-11 
  9 1.380466e-07 8.436375e-11 
  10 1.088964e-07 8.436375e-11 
  11 8.411343e-08 8.436375e-11 
  12 6.814283e-08 8.436375e-11 
  13 5.906706e-08 8.436375e-11 
  14 4.507583e-08 8.436375e-11 
  15 2.995703e-08 8.436375e-11 
  16 1.680930e-08 8.436375e-11 
  17 7.670656e-09 8.436375e-11 
  18 4.043777e-09 8.436375e-11 
  19 2.467310e-09 8.436375e-11 
  20 1.355289e-09 8.436375e-11 
  21 5.569502e-10 8.436375e-11 
  22 2.745324e-10 8.436375e-11 
  23 1.456991e-10 8.436375e-11 
  24 7.594670e-11 8.436375e-11 
Gmres(80) iterations:
  0 3.100948e-03 3.100948e-06 (1.000000e-03)  
  1 3.095107e-03 3.100948e-06 
  2 3.080429e-03 3.100948e-06 
  3 3.075345e-03 3.100948e-06 
  4 3.065443e-03 3.100948e-06 
  5 2.991003e-03 3.100948e-06 
  6 2.968130e-03 3.100948e-06 
  7 2.952448e-03 3.100948e-06 
  8 2.922024e-03 3.100948e-06 
  9 2.868195e-03 3.100948e-06 
  10 2.706087e-03 3.100948e-06 
  11 2.419953e-03 3.100948e-06 
  12 2.139205e-03 3.100948e-06 
  13 1.166524e-03 3.100948e-06 
  14 6.465169e-04 3.100948e-06 
  15 3.647045e-04 3.100948e-06 
  16 1.479997e-04 3.100948e-06 
  17 6.978331e-05 3.100948e-06 
  18 4.207733e-05 3.100948e-06 
  19 1.806578e-05 3.100948e-06 
  20 7.978691e-06 3.100948e-06 
  21 4.016799e-06 3.100948e-06 
  22 1.614311e-06 3.100948e-06 
Gmres(80) iterations:
  0 1.541169e-05 3.806812e-11 (2.470081e-06)  
  1 1.805567e-06 3.806812e-11 
  2 1.382137e-06 3.806812e-11 
  3 1.295001e-06 3.806812e-11 
  4 1.031723e-06 3.806812e-11 
  5 4.793492e-07 3.806812e-11 
  6 3.003909e-07 3.806812e-11 
  7 2.235513e-07 3.806812e-11 
  8 1.379552e-07 3.806812e-11 
  9 1.123915e-07 3.806812e-11 
  10 9.346850e-08 3.806812e-11 
  11 7.694713e-08 3.806812e-11 
  12 6.321332e-08 3.806812e-11 
  13 5.277980e-08 3.806812e-11 
  14 3.631398e-08 3.806812e-11 
  15 2.218117e-08 3.806812e-11 
  16 1.138817e-08 3.806812e-11 
  17 5.190026e-09 3.806812e-11 
  18 2.781608e-09 3.806812e-11 
  19 1.653177e-09 3.806812e-11 
  20 8.668402e-10 3.806812e-11 
  21 3.531989e-10 3.806812e-11 
  22 1.793041e-10 3.806812e-11 
  23 9.589079e-11 3.806812e-11 
  24 5.038958e-11 3.806812e-11 
  25 2.323290e-11 3.806812e-11 
Gmres(80) iterations:
  0 2.594736e-03 2.594736e-06 (1.000000e-03)  
  1 2.591763e-03 2.594736e-06 
  2 2.582693e-03 2.594736e-06 
  3 2.577587e-03 2.594736e-06 
  4 2.570800e-03 2.594736e-06 
  5 2.507060e-03 2.594736e-06 
  6 2.485332e-03 2.594736e-06 
  7 2.475564e-03 2.594736e-06 
  8 2.453699e-03 2.594736e-06 
  9 2.404355e-03 2.594736e-06 
  10 2.274433e-03 2.594736e-06 
  11 2.042495e-03 2.594736e-06 
  12 1.803837e-03 2.594736e-06 
  13 9.990622e-04 2.594736e-06 
  14 5.452635e-04 2.594736e-06 
  15 3.096393e-04 2.594736e-06 
  16 1.214468e-04 2.594736e-06 
  17 5.739698e-05 2.594736e-06 
  18 3.472256e-05 2.594736e-06 
  19 1.491241e-05 2.594736e-06 
  20 6.626389e-06 2.594736e-06 
  21 3.305452e-06 2.594736e-06 
  22 1.287073e-06 2.594736e-06 
Gmres(80) iterations:
  0 1.038802e-05 1.664989e-11 (1.602798e-06)  
  1 1.255075e-06 1.664989e-11 
  2 9.573317e-07 1.664989e-11 
  3 8.913298e-07 1.664989e-11 
  4 7.223220e-07 1.664989e-11 
  5 3.445892e-07 1.664989e-11 
  6 2.187944e-07 1.664989e-11 
  7 1.683032e-07 1.664989e-11 
  8 1.133195e-07 1.664989e-11 
  9 9.664811e-08 1.664989e-11 
  10 8.321095e-08 1.664989e-11 
  11 7.016892e-08 1.664989e-11 
  12 5.614571e-08 1.664989e-11 
  13 4.407784e-08 1.664989e-11 
  14 2.729637e-08 1.664989e-11 
  15 1.581748e-08 1.664989e-11 
  16 7.608006e-09 1.664989e-11 
  17 3.550265e-09 1.664989e-11 
  18 1.920389e-09 1.664989e-11 
  19 1.105185e-09 1.664989e-11 
  20 5.533244e-10 1.664989e-11 
  21 2.278634e-10 1.664989e-11 
  22 1.214082e-10 1.664989e-11 
  23 6.505966e-11 1.664989e-11 
  24 3.419436e-11 1.664989e-11 
  25 1.506664e-11 1.664989e-11 
Gmres(80) iterations:
  0 2.173791e-03 2.173791e-06 (1.000000e-03)  
  1 2.172481e-03 2.173791e-06 
  2 2.167229e-03 2.173791e-06 
  3 2.162264e-03 2.173791e-06 
  4 2.157751e-03 2.173791e-06 
  5 2.103684e-03 2.173791e-06 
  6 2.082847e-03 2.173791e-06 
  7 2.076767e-03 2.173791e-06 
  8 2.061380e-03 2.173791e-06 
  9 2.016595e-03 2.173791e-06 
  10 1.911693e-03 2.173791e-06 
  11 1.724923e-03 2.173791e-06 
  12 1.521706e-03 2.173791e-06 
  13 8.564954e-04 2.173791e-06 
  14 4.613175e-04 2.173791e-06 
  15 2.635011e-04 2.173791e-06 
  16 9.977828e-05 2.173791e-06 
  17 4.727732e-05 2.173791e-06 
  18 2.867602e-05 2.173791e-06 
  19 1.227751e-05 2.173791e-06 
  20 5.456829e-06 2.173791e-06 
  21 2.688136e-06 2.173791e-06 
  22 1.014005e-06 2.173791e-06 
Gmres(80) iterations:
  0 6.953655e-06 7.115473e-12 (1.023271e-06)  
  1 8.845220e-07 7.115473e-12 
  2 6.733804e-07 7.115473e-12 
  3 6.242823e-07 7.115473e-12 
  4 5.120317e-07 7.115473e-12 
  5 2.541255e-07 7.115473e-12 
  6 1.651906e-07 7.115473e-12 
  7 1.333520e-07 7.115473e-12 
  8 9.746123e-08 7.115473e-12 
  9 8.573624e-08 7.115473e-12 
  10 7.411278e-08 7.115473e-12 
  11 6.079431e-08 7.115473e-12 
  12 4.601162e-08 7.115473e-12 
  13 3.325026e-08 7.115473e-12 
  14 1.942954e-08 7.115473e-12 
  15 1.099405e-08 7.115473e-12 
  16 5.078230e-09 7.115473e-12 
  17 2.422034e-09 7.115473e-12 
  18 1.339572e-09 7.115473e-12 
  19 7.470919e-10 7.115473e-12 
  20 3.621315e-10 7.115473e-12 
  21 1.525998e-10 7.115473e-12 
  22 8.675559e-11 7.115473e-12 
  23 4.573367e-11 7.115473e-12 
  24 2.360131e-11 7.115473e-12 
  25 9.835930e-12 7.115473e-12 
  26 5.653318e-12 7.115473e-12 
Gmres(80) iterations:
  0 1.824804e-03 1.824804e-06 (1.000000e-03)  
  1 1.824359e-03 1.824804e-06 
  2 1.821576e-03 1.824804e-06 
  3 1.816861e-03 1.824804e-06 
  4 1.813981e-03 1.824804e-06 
  5 1.768583e-03 1.824804e-06 
  6 1.748602e-03 1.824804e-06 
  7 1.744793e-03 1.824804e-06 
  8 1.734267e-03 1.824804e-06 
  9 1.694237e-03 1.824804e-06 
  10 1.608694e-03 1.824804e-06 
  11 1.458750e-03 1.824804e-06 
  12 1.285166e-03 1.824804e-06 
  13 7.349379e-04 1.824804e-06 
  14 3.916770e-04 1.824804e-06 
  15 2.245722e-04 1.824804e-06 
  16 8.215466e-05 1.824804e-06 
  17 3.903981e-05 1.824804e-06 
  18 2.371820e-05 1.824804e-06 
  19 1.009838e-05 1.824804e-06 
  20 4.458899e-06 1.824804e-06 
  21 2.157739e-06 1.824804e-06 
  22 7.902128e-07 1.824804e-06 
Gmres(80) iterations:
  0 4.619608e-06 2.960622e-12 (6.408817e-07)  
  1 6.280289e-07 2.960622e-12 
  2 4.833025e-07 2.960622e-12 
  3 4.464281e-07 2.960622e-12 
  4 3.680542e-07 2.960622e-12 
  5 1.960516e-07 2.960622e-12 
  6 1.310620e-07 2.960622e-12 
  7 1.118318e-07 2.960622e-12 
  8 8.660468e-08 2.960622e-12 
  9 7.655595e-08 2.960622e-12 
  10 6.452143e-08 2.960622e-12 
  11 4.960492e-08 2.960622e-12 
  12 3.457929e-08 2.960622e-12 
  13 2.350958e-08 2.960622e-12 
  14 1.344679e-08 2.960622e-12 
  15 7.655025e-09 2.960622e-12 
  16 3.443398e-09 2.960622e-12 
  17 1.704673e-09 2.960622e-12 
  18 9.450800e-10 2.960622e-12 
  19 5.135171e-10 2.960622e-12 
  20 2.415666e-10 2.960622e-12 
  21 1.065309e-10 2.960622e-12 
  22 6.364756e-11 2.960622e-12 
  23 3.261715e-11 2.960622e-12 
  24 1.627201e-11 2.960622e-12 
  25 6.419254e-12 2.960622e-12 
  26 3.523688e-12 2.960622e-12 
  27 1.807589e-12 2.960622e-12 
Gmres(80) iterations:
  0 1.535955e-03 1.535955e-06 (1.000000e-03)  
  1 1.535876e-03 1.535955e-06 
  2 1.534585e-03 1.535955e-06 
  3 1.530177e-03 1.535955e-06 
  4 1.528441e-03 1.535955e-06 
  5 1.490709e-03 1.535955e-06 
  6 1.471679e-03 1.535955e-06 
  7 1.469262e-03 1.535955e-06 
  8 1.462319e-03 1.535955e-06 
  9 1.427225e-03 1.535955e-06 
  10 1.356722e-03 1.535955e-06 
  11 1.236163e-03 1.535955e-06 
  12 1.087308e-03 1.535955e-06 
  13 6.311492e-04 1.535955e-06 
  14 3.338039e-04 1.535955e-06 
  15 1.915096e-04 1.535955e-06 
  16 6.786059e-05 1.535955e-06 
  17 3.235527e-05 1.535955e-06 
  18 1.965649e-05 1.535955e-06 
  19 8.315760e-06 1.535955e-06 
  20 3.623965e-06 1.535955e-06 
  21 1.709746e-06 1.535955e-06 
  22 6.126484e-07 1.535955e-06 
Gmres(80) iterations:
  0 3.056117e-06 1.209911e-12 (3.958980e-07)  
  1 4.502139e-07 1.209911e-12 
  2 3.587374e-07 1.209911e-12 
  3 3.309923e-07 1.209911e-12 
  4 2.719903e-07 1.209911e-12 
  5 1.567852e-07 1.209911e-12 
  6 1.089879e-07 1.209911e-12 
  7 9.699341e-08 1.209911e-12 
  8 7.733896e-08 1.209911e-12 
  9 6.714230e-08 1.209911e-12 
  10 5.316128e-08 1.209911e-12 
  11 3.648729e-08 1.209911e-12 
  12 2.279435e-08 1.209911e-12 
  13 1.472484e-08 1.209911e-12 
  14 8.658678e-09 1.209911e-12 
  15 5.108774e-09 1.209911e-12 
  16 2.310847e-09 1.209911e-12 
  17 1.188724e-09 1.209911e-12 
  18 6.536548e-10 1.209911e-12 
  19 3.513384e-10 1.209911e-12 
  20 1.623712e-10 1.209911e-12 
  21 7.400852e-11 1.209911e-12 
  22 4.504823e-11 1.209911e-12 
  23 2.250422e-11 1.209911e-12 
  24 1.108980e-11 1.209911e-12 
  25 4.156957e-12 1.209911e-12 
  26 2.262700e-12 1.209911e-12 
  27 1.135146e-12 1.209911e-12 
Gmres(80) iterations:
  0 1.296950e-03 1.296950e-06 (1.000000e-03)  
  1 1.296949e-03 1.296950e-06 
  2 1.296471e-03 1.296950e-06 
  3 1.292394e-03 1.296950e-06 
  4 1.291427e-03 1.296950e-06 
  5 1.260370e-03 1.296950e-06 
  6 1.242448e-03 1.296950e-06 
  7 1.240886e-03 1.296950e-06 
  8 1.236514e-03 1.296950e-06 
  9 1.206422e-03 1.296950e-06 
  10 1.147734e-03 1.296950e-06 
  11 1.050185e-03 1.296950e-06 
  12 9.219875e-04 1.296950e-06 
  13 5.424144e-04 1.296950e-06 
  14 2.855438e-04 1.296950e-06 
  15 1.632945e-04 1.296950e-06 
  16 5.628329e-05 1.296950e-06 
  17 2.694152e-05 1.296950e-06 
  18 1.632404e-05 1.296950e-06 
  19 6.870576e-06 1.296950e-06 
  20 2.942078e-06 1.296950e-06 
  21 1.341782e-06 1.296950e-06 
  22 4.799949e-07 1.296950e-06 
Gmres(80) iterations:
  0 2.009750e-06 4.825917e-13 (2.401252e-07)  
  1 3.344765e-07 4.825917e-13 
  2 2.823318e-07 4.825917e-13 
  3 2.576104e-07 4.825917e-13 
  4 2.092601e-07 4.825917e-13 
  5 1.306957e-07 4.825917e-13 
  6 9.483191e-08 4.825917e-13 
  7 8.641464e-08 4.825917e-13 
  8 6.974028e-08 4.825917e-13 
  9 5.902627e-08 4.825917e-13 
  10 4.304886e-08 4.825917e-13 
  11 2.613246e-08 4.825917e-13 
  12 1.364840e-08 4.825917e-13 
  13 8.155548e-09 4.825917e-13 
  14 4.681659e-09 4.825917e-13 
  15 2.904017e-09 4.825917e-13 
  16 1.409451e-09 4.825917e-13 
  17 7.774451e-10 4.825917e-13 
  18 4.387669e-10 4.825917e-13 
  19 2.391247e-10 4.825917e-13 
  20 1.069396e-10 4.825917e-13 
  21 4.767063e-11 4.825917e-13 
  22 2.885795e-11 4.825917e-13 
  23 1.509382e-11 4.825917e-13 
  24 7.460386e-12 4.825917e-13 
  25 2.835190e-12 4.825917e-13 
  26 1.465293e-12 4.825917e-13 
  27 6.969530e-13 4.825917e-13 
  28 3.199003e-13 4.825917e-13 
Gmres(80) iterations:
  0 1.098987e-03 1.098987e-06 (1.000000e-03)  
  1 1.098916e-03 1.098987e-06 
  2 1.098809e-03 1.098987e-06 
  3 1.095060e-03 1.098987e-06 
  4 1.094581e-03 1.098987e-06 
  5 1.069241e-03 1.098987e-06 
  6 1.052593e-03 1.098987e-06 
  7 1.051563e-03 1.098987e-06 
  8 1.048975e-03 1.098987e-06 
  9 1.023770e-03 1.098987e-06 
  10 9.745126e-04 1.098987e-06 
  11 8.947271e-04 1.098987e-06 
  12 7.838342e-04 1.098987e-06 
  13 4.664667e-04 1.098987e-06 
  14 2.450816e-04 1.098987e-06 
  15 1.391709e-04 1.098987e-06 
  16 4.690394e-05 1.098987e-06 
  17 2.255705e-05 1.098987e-06 
  18 1.358053e-05 1.098987e-06 
  19 5.704264e-06 1.098987e-06 
  20 2.399482e-06 1.098987e-06 
  21 1.051944e-06 1.098987e-06 
Gmres(80) iterations:
  0 1.627283e-06 3.567830e-13 (2.192507e-07)  
  1 6.259955e-07 3.567830e-13 
  2 4.698917e-07 3.567830e-13 
  3 4.270948e-07 3.567830e-13 
  4 3.082357e-07 3.567830e-13 
  5 2.051704e-07 3.567830e-13 
  6 1.657224e-07 3.567830e-13 
  7 1.338385e-07 3.567830e-13 
  8 1.027332e-07 3.567830e-13 
  9 7.885854e-08 3.567830e-13 
  10 5.257265e-08 3.567830e-13 
  11 3.147780e-08 3.567830e-13 
  12 1.708887e-08 3.567830e-13 
  13 1.090149e-08 3.567830e-13 
  14 4.395358e-09 3.567830e-13 
  15 2.163147e-09 3.567830e-13 
  16 1.006665e-09 3.567830e-13 
  17 4.975519e-10 3.567830e-13 
  18 2.453194e-10 3.567830e-13 
  19 1.209190e-10 3.567830e-13 
  20 7.082033e-11 3.567830e-13 
  21 3.571332e-11 3.567830e-13 
  22 1.823819e-11 3.567830e-13 
  23 7.711669e-12 3.567830e-13 
  24 3.568946e-12 3.567830e-13 
  25 1.298023e-12 3.567830e-13 
  26 6.601819e-13 3.567830e-13 
  27 2.740169e-13 3.567830e-13 
Gmres(80) iterations:
  0 9.346601e-04 9.346601e-07 (1.000000e-03)  
  1 9.344578e-04 9.346601e-07 
  2 9.344566e-04 9.346601e-07 
  3 9.310195e-04 9.346601e-07 
  4 9.308250e-04 9.346601e-07 
  5 9.103038e-04 9.346601e-07 
  6 8.950680e-04 9.346601e-07 
  7 8.943769e-04 9.346601e-07 
  8 8.929681e-04 9.346601e-07 
  9 8.723457e-04 9.346601e-07 
  10 8.307517e-04 9.346601e-07 
  11 7.645826e-04 9.346601e-07 
  12 6.682174e-04 9.346601e-07 
  13 4.014218e-04 9.346601e-07 
  14 2.109233e-04 9.346601e-07 
  15 1.185680e-04 9.346601e-07 
  16 3.929275e-05 9.346601e-07 
  17 1.899754e-05 9.346601e-07 
  18 1.131256e-05 9.346601e-07 
  19 4.761742e-06 9.346601e-07 
  20 1.977877e-06 9.346601e-07 
  21 8.363298e-07 9.346601e-07 
Gmres(80) iterations:
  0 1.138840e-06 1.690755e-13 (1.484629e-07)  
  1 5.285451e-07 1.690755e-13 
  2 4.125834e-07 1.690755e-13 
  3 3.531724e-07 1.690755e-13 
  4 2.405662e-07 1.690755e-13 
  5 1.757909e-07 1.690755e-13 
  6 1.537997e-07 1.690755e-13 
  7 1.253770e-07 1.690755e-13 
  8 1.010427e-07 1.690755e-13 
  9 7.103725e-08 1.690755e-13 
  10 3.882688e-08 1.690755e-13 
  11 2.299393e-08 1.690755e-13 
  12 9.971984e-09 1.690755e-13 
  13 5.994530e-09 1.690755e-13 
  14 2.632053e-09 1.690755e-13 
  15 1.496401e-09 1.690755e-13 
  16 8.035805e-10 1.690755e-13 
  17 4.819871e-10 1.690755e-13 
  18 2.223990e-10 1.690755e-13 
  19 1.071394e-10 1.690755e-13 
  20 4.679259e-11 1.690755e-13 
  21 2.211067e-11 1.690755e-13 
  22 1.140711e-11 1.690755e-13 
  23 5.529504e-12 1.690755e-13 
  24 2.801950e-12 1.690755e-13 
  25 1.195505e-12 1.690755e-13 
  26 7.470119e-13 1.690755e-13 
  27 3.939120e-13 1.690755e-13 
  28 1.874488e-13 1.690755e-13 
  29 9.726413e-14 1.690755e-13 
Gmres(80) iterations:
  0 7.978216e-04 7.978216e-07 (1.000000e-03)  
  1 7.974808e-04 7.978216e-07 
  2 7.974441e-04 7.978216e-07 
  3 7.942957e-04 7.978216e-07 
  4 7.942435e-04 7.978216e-07 
  5 7.777243e-04 7.978216e-07 
  6 7.639879e-04 7.978216e-07 
  7 7.635191e-04 7.978216e-07 
  8 7.628431e-04 7.978216e-07 
  9 7.463433e-04 7.978216e-07 
  10 7.110804e-04 7.978216e-07 
  11 6.553651e-04 7.978216e-07 
  12 5.712143e-04 7.978216e-07 
  13 3.457093e-04 7.978216e-07 
  14 1.818830e-04 7.978216e-07 
  15 1.010253e-04 7.978216e-07 
  16 3.310103e-05 7.978216e-07 
  17 1.609431e-05 7.978216e-07 
  18 9.432051e-06 7.978216e-07 
  19 3.995115e-06 7.978216e-07 
  20 1.655528e-06 7.978216e-07 
  21 6.865021e-07 7.978216e-07 
Gmres(80) iterations:
  0 8.261750e-07 8.859406e-14 (1.072340e-07)  
  1 4.734252e-07 8.859406e-14 
  2 3.799075e-07 8.859406e-14 
  3 2.956702e-07 8.859406e-14 
  4 1.926873e-07 8.859406e-14 
  5 1.464150e-07 8.859406e-14 
  6 1.333390e-07 8.859406e-14 
  7 1.106266e-07 8.859406e-14 
  8 9.724550e-08 8.859406e-14 
  9 7.242273e-08 8.859406e-14 
  10 4.227785e-08 8.859406e-14 
  11 2.317214e-08 8.859406e-14 
  12 1.065587e-08 8.859406e-14 
  13 5.995948e-09 8.859406e-14 
  14 2.927160e-09 8.859406e-14 
  15 1.236221e-09 8.859406e-14 
  16 5.592924e-10 8.859406e-14 
  17 2.791690e-10 8.859406e-14 
  18 1.436466e-10 8.859406e-14 
  19 7.224770e-11 8.859406e-14 
  20 3.228907e-11 8.859406e-14 
  21 1.631086e-11 8.859406e-14 
  22 8.833830e-12 8.859406e-14 
  23 4.698084e-12 8.859406e-14 
  24 2.353791e-12 8.859406e-14 
  25 9.980497e-13 8.859406e-14 
  26 3.609070e-13 8.859406e-14 
  27 1.795518e-13 8.859406e-14 
  28 9.323169e-14 8.859406e-14 
  29 5.170369e-14 8.859406e-14 
Gmres(80) iterations:
  0 6.834260e-04 6.834260e-07 (1.000000e-03)  
  1 6.829664e-04 6.834260e-07 
  2 6.828362e-04 6.834260e-07 
  3 6.799511e-04 6.834260e-07 
  4 6.799485e-04 6.834260e-07 
  5 6.667083e-04 6.834260e-07 
  6 6.545014e-04 6.834260e-07 
  7 6.541833e-04 6.834260e-07 
  8 6.539218e-04 6.834260e-07 
  9 6.409870e-04 6.834260e-07 
  10 6.110245e-04 6.834260e-07 
  11 5.634206e-04 6.834260e-07 
  12 4.895569e-04 6.834260e-07 
  13 2.980006e-04 6.834260e-07 
  14 1.570479e-04 6.834260e-07 
  15 8.613974e-05 6.834260e-07 
  16 2.804784e-05 6.834260e-07 
  17 1.371194e-05 6.834260e-07 
  18 7.872021e-06 6.834260e-07 
  19 3.366092e-06 6.834260e-07 
  20 1.409916e-06 6.834260e-07 
  21 5.886737e-07 6.834260e-07 
Gmres(80) iterations:
  0 6.392484e-07 5.592758e-14 (8.748958e-08)  
  1 4.403403e-07 5.592758e-14 
  2 3.584627e-07 5.592758e-14 
  3 2.575765e-07 5.592758e-14 
  4 1.597888e-07 5.592758e-14 
  5 1.207573e-07 5.592758e-14 
  6 1.093752e-07 5.592758e-14 
  7 9.271235e-08 5.592758e-14 
  8 8.514040e-08 5.592758e-14 
  9 6.868809e-08 5.592758e-14 
  10 4.486417e-08 5.592758e-14 
  11 2.350302e-08 5.592758e-14 
  12 1.276549e-08 5.592758e-14 
  13 7.029085e-09 5.592758e-14 
  14 3.419447e-09 5.592758e-14 
  15 1.382805e-09 5.592758e-14 
  16 5.814760e-10 5.592758e-14 
  17 2.514811e-10 5.592758e-14 
  18 1.230137e-10 5.592758e-14 
  19 5.893642e-11 5.592758e-14 
  20 2.873811e-11 5.592758e-14 
  21 1.519682e-11 5.592758e-14 
  22 8.263241e-12 5.592758e-14 
  23 5.023497e-12 5.592758e-14 
  24 3.036755e-12 5.592758e-14 
  25 1.336478e-12 5.592758e-14 
  26 4.945127e-13 5.592758e-14 
  27 2.609804e-13 5.592758e-14 
  28 1.235416e-13 5.592758e-14 
  29 5.997609e-14 5.592758e-14 
  30 2.541711e-14 5.592758e-14 
