Gmres(500) iterations:
  0 4.182192e+04 4.182192e-04 (1.000000e-08)  
  1 9.155792e+03 4.182192e-04 
  2 3.315734e+03 4.182192e-04 
  3 1.834687e+03 4.182192e-04 
  4 1.674875e+03 4.182192e-04 
  5 1.599765e+03 4.182192e-04 
  6 1.498357e+03 4.182192e-04 
  7 1.151067e+03 4.182192e-04 
  8 8.340617e+02 4.182192e-04 
  9 6.438764e+02 4.182192e-04 
  10 4.889532e+02 4.182192e-04 
  11 3.976030e+02 4.182192e-04 
  12 3.603811e+02 4.182192e-04 
  13 3.383089e+02 4.182192e-04 
  14 3.145216e+02 4.182192e-04 
  15 2.850734e+02 4.182192e-04 
  16 2.485815e+02 4.182192e-04 
  17 2.133353e+02 4.182192e-04 
  18 1.965369e+02 4.182192e-04 
  19 1.830041e+02 4.182192e-04 
  20 1.616155e+02 4.182192e-04 
  21 1.459205e+02 4.182192e-04 
  22 1.360130e+02 4.182192e-04 
  23 1.286094e+02 4.182192e-04 
  24 1.183537e+02 4.182192e-04 
  25 1.039753e+02 4.182192e-04 
  26 9.325746e+01 4.182192e-04 
  27 8.699012e+01 4.182192e-04 
  28 8.117312e+01 4.182192e-04 
  29 7.351310e+01 4.182192e-04 
  30 6.739154e+01 4.182192e-04 
  31 6.360723e+01 4.182192e-04 
  32 6.058453e+01 4.182192e-04 
  33 5.751653e+01 4.182192e-04 
  34 5.314072e+01 4.182192e-04 
  35 4.967467e+01 4.182192e-04 
  36 4.639495e+01 4.182192e-04 
  37 4.186022e+01 4.182192e-04 
  38 3.718346e+01 4.182192e-04 
  39 3.288169e+01 4.182192e-04 
  40 2.984322e+01 4.182192e-04 
  41 2.752372e+01 4.182192e-04 
  42 2.549202e+01 4.182192e-04 
  43 2.396093e+01 4.182192e-04 
  44 2.244388e+01 4.182192e-04 
  45 2.123139e+01 4.182192e-04 
  46 1.983456e+01 4.182192e-04 
  47 1.820685e+01 4.182192e-04 
  48 1.672666e+01 4.182192e-04 
  49 1.538920e+01 4.182192e-04 
  50 1.441850e+01 4.182192e-04 
  51 1.355276e+01 4.182192e-04 
  52 1.283244e+01 4.182192e-04 
  53 1.239047e+01 4.182192e-04 
  54 1.183246e+01 4.182192e-04 
  55 1.099443e+01 4.182192e-04 
  56 1.011399e+01 4.182192e-04 
  57 9.095290e+00 4.182192e-04 
  58 8.083856e+00 4.182192e-04 
  59 7.391002e+00 4.182192e-04 
  60 6.932550e+00 4.182192e-04 
  61 6.537330e+00 4.182192e-04 
  62 6.187183e+00 4.182192e-04 
  63 5.754945e+00 4.182192e-04 
  64 5.351235e+00 4.182192e-04 
  65 4.998502e+00 4.182192e-04 
  66 4.685346e+00 4.182192e-04 
  67 4.435852e+00 4.182192e-04 
  68 4.202316e+00 4.182192e-04 
  69 3.948864e+00 4.182192e-04 
  70 3.652149e+00 4.182192e-04 
  71 3.289511e+00 4.182192e-04 
  72 3.019114e+00 4.182192e-04 
  73 2.861546e+00 4.182192e-04 
  74 2.701630e+00 4.182192e-04 
  75 2.518937e+00 4.182192e-04 
  76 2.339579e+00 4.182192e-04 
  77 2.193251e+00 4.182192e-04 
  78 2.032719e+00 4.182192e-04 
  79 1.854531e+00 4.182192e-04 
  80 1.682829e+00 4.182192e-04 
  81 1.591891e+00 4.182192e-04 
  82 1.511417e+00 4.182192e-04 
  83 1.375170e+00 4.182192e-04 
  84 1.179684e+00 4.182192e-04 
  85 1.034136e+00 4.182192e-04 
  86 9.428935e-01 4.182192e-04 
  87 8.840748e-01 4.182192e-04 
  88 8.352157e-01 4.182192e-04 
  89 7.834669e-01 4.182192e-04 
  90 7.106110e-01 4.182192e-04 
  91 6.358887e-01 4.182192e-04 
  92 5.660993e-01 4.182192e-04 
  93 5.096057e-01 4.182192e-04 
  94 4.758731e-01 4.182192e-04 
  95 4.421544e-01 4.182192e-04 
  96 4.021565e-01 4.182192e-04 
  97 3.665178e-01 4.182192e-04 
  98 3.480417e-01 4.182192e-04 
  99 3.233241e-01 4.182192e-04 
  100 2.923542e-01 4.182192e-04 
  101 2.546275e-01 4.182192e-04 
  102 2.190005e-01 4.182192e-04 
  103 1.990642e-01 4.182192e-04 
  104 1.873324e-01 4.182192e-04 
  105 1.740815e-01 4.182192e-04 
  106 1.599675e-01 4.182192e-04 
  107 1.406930e-01 4.182192e-04 
  108 1.198902e-01 4.182192e-04 
  109 1.075967e-01 4.182192e-04 
  110 1.017166e-01 4.182192e-04 
  111 9.564202e-02 4.182192e-04 
  112 8.598554e-02 4.182192e-04 
  113 7.539070e-02 4.182192e-04 
  114 6.882710e-02 4.182192e-04 
  115 6.182485e-02 4.182192e-04 
  116 5.592362e-02 4.182192e-04 
  117 5.076500e-02 4.182192e-04 
  118 4.573982e-02 4.182192e-04 
  119 3.956879e-02 4.182192e-04 
  120 3.517196e-02 4.182192e-04 
  121 3.146388e-02 4.182192e-04 
  122 2.797739e-02 4.182192e-04 
  123 2.414039e-02 4.182192e-04 
  124 2.200523e-02 4.182192e-04 
  125 2.013839e-02 4.182192e-04 
  126 1.829759e-02 4.182192e-04 
  127 1.628058e-02 4.182192e-04 
  128 1.427530e-02 4.182192e-04 
  129 1.240335e-02 4.182192e-04 
  130 1.115451e-02 4.182192e-04 
  131 1.004841e-02 4.182192e-04 
  132 9.018977e-03 4.182192e-04 
  133 7.830647e-03 4.182192e-04 
  134 6.932696e-03 4.182192e-04 
  135 6.312335e-03 4.182192e-04 
  136 5.668351e-03 4.182192e-04 
  137 5.094227e-03 4.182192e-04 
  138 4.567812e-03 4.182192e-04 
  139 4.091323e-03 4.182192e-04 
  140 3.713096e-03 4.182192e-04 
  141 3.322394e-03 4.182192e-04 
  142 2.966345e-03 4.182192e-04 
  143 2.634137e-03 4.182192e-04 
  144 2.415199e-03 4.182192e-04 
  145 2.280297e-03 4.182192e-04 
  146 2.160867e-03 4.182192e-04 
  147 2.041329e-03 4.182192e-04 
  148 1.899392e-03 4.182192e-04 
  149 1.751211e-03 4.182192e-04 
  150 1.606835e-03 4.182192e-04 
  151 1.535544e-03 4.182192e-04 
  152 1.497165e-03 4.182192e-04 
  153 1.452900e-03 4.182192e-04 
  154 1.376397e-03 4.182192e-04 
  155 1.282329e-03 4.182192e-04 
  156 1.210870e-03 4.182192e-04 
  157 1.169848e-03 4.182192e-04 
  158 1.153743e-03 4.182192e-04 
  159 1.148089e-03 4.182192e-04 
  160 1.124496e-03 4.182192e-04 
  161 1.069094e-03 4.182192e-04 
  162 1.015110e-03 4.182192e-04 
  163 9.608791e-04 4.182192e-04 
  164 9.297542e-04 4.182192e-04 
  165 9.114653e-04 4.182192e-04 
  166 9.044596e-04 4.182192e-04 
  167 8.986520e-04 4.182192e-04 
  168 8.916059e-04 4.182192e-04 
  169 8.763367e-04 4.182192e-04 
  170 8.498070e-04 4.182192e-04 
  171 8.186521e-04 4.182192e-04 
  172 7.962268e-04 4.182192e-04 
  173 7.801882e-04 4.182192e-04 
  174 7.664328e-04 4.182192e-04 
  175 7.507116e-04 4.182192e-04 
  176 7.342736e-04 4.182192e-04 
  177 7.132463e-04 4.182192e-04 
  178 6.802157e-04 4.182192e-04 
  179 6.406712e-04 4.182192e-04 
  180 5.947932e-04 4.182192e-04 
  181 5.568554e-04 4.182192e-04 
  182 5.183628e-04 4.182192e-04 
  183 4.827826e-04 4.182192e-04 
  184 4.487142e-04 4.182192e-04 
  185 4.010682e-04 4.182192e-04 
Gmres(500) iterations:
  0 3.851695e+04 3.851695e-04 (1.000000e-08)  
  1 8.799238e+03 3.851695e-04 
  2 3.174713e+03 3.851695e-04 
  3 1.851953e+03 3.851695e-04 
  4 1.600688e+03 3.851695e-04 
  5 1.478356e+03 3.851695e-04 
  6 1.395649e+03 3.851695e-04 
  7 1.119066e+03 3.851695e-04 
  8 8.403259e+02 3.851695e-04 
  9 6.499808e+02 3.851695e-04 
  10 4.993071e+02 3.851695e-04 
  11 3.901501e+02 3.851695e-04 
  12 3.522425e+02 3.851695e-04 
  13 3.375746e+02 3.851695e-04 
  14 3.170924e+02 3.851695e-04 
  15 2.906113e+02 3.851695e-04 
  16 2.469839e+02 3.851695e-04 
  17 2.107356e+02 3.851695e-04 
  18 1.969871e+02 3.851695e-04 
  19 1.870699e+02 3.851695e-04 
  20 1.628928e+02 3.851695e-04 
  21 1.431240e+02 3.851695e-04 
  22 1.326496e+02 3.851695e-04 
  23 1.267036e+02 3.851695e-04 
  24 1.176193e+02 3.851695e-04 
  25 1.030756e+02 3.851695e-04 
  26 9.047161e+01 3.851695e-04 
  27 8.557909e+01 3.851695e-04 
  28 8.151200e+01 3.851695e-04 
  29 7.411866e+01 3.851695e-04 
  30 6.731719e+01 3.851695e-04 
  31 6.289321e+01 3.851695e-04 
  32 6.045781e+01 3.851695e-04 
  33 5.740617e+01 3.851695e-04 
  34 5.253275e+01 3.851695e-04 
  35 4.917989e+01 3.851695e-04 
  36 4.656423e+01 3.851695e-04 
  37 4.195566e+01 3.851695e-04 
  38 3.702769e+01 3.851695e-04 
  39 3.283359e+01 3.851695e-04 
  40 2.989891e+01 3.851695e-04 
  41 2.772115e+01 3.851695e-04 
  42 2.525057e+01 3.851695e-04 
  43 2.349694e+01 3.851695e-04 
  44 2.215656e+01 3.851695e-04 
  45 2.099554e+01 3.851695e-04 
  46 1.962149e+01 3.851695e-04 
  47 1.798847e+01 3.851695e-04 
  48 1.676561e+01 3.851695e-04 
  49 1.562010e+01 3.851695e-04 
  50 1.470265e+01 3.851695e-04 
  51 1.376011e+01 3.851695e-04 
  52 1.300072e+01 3.851695e-04 
  53 1.240436e+01 3.851695e-04 
  54 1.183309e+01 3.851695e-04 
  55 1.121939e+01 3.851695e-04 
  56 1.052023e+01 3.851695e-04 
  57 9.327283e+00 3.851695e-04 
  58 8.160975e+00 3.851695e-04 
  59 7.614239e+00 3.851695e-04 
  60 7.294677e+00 3.851695e-04 
  61 6.908466e+00 3.851695e-04 
  62 6.611284e+00 3.851695e-04 
  63 6.276931e+00 3.851695e-04 
  64 5.820907e+00 3.851695e-04 
  65 5.197959e+00 3.851695e-04 
  66 4.699700e+00 3.851695e-04 
  67 4.382695e+00 3.851695e-04 
  68 4.132655e+00 3.851695e-04 
  69 3.872642e+00 3.851695e-04 
  70 3.602835e+00 3.851695e-04 
  71 3.320850e+00 3.851695e-04 
  72 3.059151e+00 3.851695e-04 
  73 2.855483e+00 3.851695e-04 
  74 2.686678e+00 3.851695e-04 
  75 2.502235e+00 3.851695e-04 
  76 2.322189e+00 3.851695e-04 
  77 2.105405e+00 3.851695e-04 
  78 1.945935e+00 3.851695e-04 
  79 1.810256e+00 3.851695e-04 
  80 1.664507e+00 3.851695e-04 
  81 1.532999e+00 3.851695e-04 
  82 1.437573e+00 3.851695e-04 
  83 1.331036e+00 3.851695e-04 
  84 1.190148e+00 3.851695e-04 
  85 1.038717e+00 3.851695e-04 
  86 9.418244e-01 3.851695e-04 
  87 8.774721e-01 3.851695e-04 
  88 8.146456e-01 3.851695e-04 
  89 7.568614e-01 3.851695e-04 
  90 6.838562e-01 3.851695e-04 
  91 6.075835e-01 3.851695e-04 
  92 5.560722e-01 3.851695e-04 
  93 4.915087e-01 3.851695e-04 
  94 4.467959e-01 3.851695e-04 
  95 4.125703e-01 3.851695e-04 
  96 3.826027e-01 3.851695e-04 
  97 3.375647e-01 3.851695e-04 
  98 2.985857e-01 3.851695e-04 
  99 2.721586e-01 3.851695e-04 
  100 2.537144e-01 3.851695e-04 
  101 2.357948e-01 3.851695e-04 
  102 2.142947e-01 3.851695e-04 
  103 1.893456e-01 3.851695e-04 
  104 1.739891e-01 3.851695e-04 
  105 1.590231e-01 3.851695e-04 
  106 1.436012e-01 3.851695e-04 
  107 1.338627e-01 3.851695e-04 
  108 1.246778e-01 3.851695e-04 
  109 1.111597e-01 3.851695e-04 
  110 9.433298e-02 3.851695e-04 
  111 8.260312e-02 3.851695e-04 
  112 7.473711e-02 3.851695e-04 
  113 6.864075e-02 3.851695e-04 
  114 6.394150e-02 3.851695e-04 
  115 5.709396e-02 3.851695e-04 
  116 5.153925e-02 3.851695e-04 
  117 4.665314e-02 3.851695e-04 
  118 4.178097e-02 3.851695e-04 
  119 3.633007e-02 3.851695e-04 
  120 3.223855e-02 3.851695e-04 
  121 2.951364e-02 3.851695e-04 
  122 2.610268e-02 3.851695e-04 
  123 2.209073e-02 3.851695e-04 
  124 1.998675e-02 3.851695e-04 
  125 1.857555e-02 3.851695e-04 
  126 1.722218e-02 3.851695e-04 
  127 1.550530e-02 3.851695e-04 
  128 1.353944e-02 3.851695e-04 
  129 1.176172e-02 3.851695e-04 
  130 1.072764e-02 3.851695e-04 
  131 9.818573e-03 3.851695e-04 
  132 8.940027e-03 3.851695e-04 
  133 7.864059e-03 3.851695e-04 
  134 7.052913e-03 3.851695e-04 
  135 6.452199e-03 3.851695e-04 
  136 5.761655e-03 3.851695e-04 
  137 5.261992e-03 3.851695e-04 
  138 4.883645e-03 3.851695e-04 
  139 4.579077e-03 3.851695e-04 
  140 4.368270e-03 3.851695e-04 
  141 4.011047e-03 3.851695e-04 
  142 3.670925e-03 3.851695e-04 
  143 3.407681e-03 3.851695e-04 
  144 3.253926e-03 3.851695e-04 
  145 3.153002e-03 3.851695e-04 
  146 3.034255e-03 3.851695e-04 
  147 2.921223e-03 3.851695e-04 
  148 2.789934e-03 3.851695e-04 
  149 2.650274e-03 3.851695e-04 
  150 2.518258e-03 3.851695e-04 
  151 2.475115e-03 3.851695e-04 
  152 2.447048e-03 3.851695e-04 
  153 2.396295e-03 3.851695e-04 
  154 2.291352e-03 3.851695e-04 
  155 2.132489e-03 3.851695e-04 
  156 2.041428e-03 3.851695e-04 
  157 1.994800e-03 3.851695e-04 
  158 1.979255e-03 3.851695e-04 
  159 1.973470e-03 3.851695e-04 
  160 1.948621e-03 3.851695e-04 
  161 1.874419e-03 3.851695e-04 
  162 1.801337e-03 3.851695e-04 
  163 1.720498e-03 3.851695e-04 
  164 1.681572e-03 3.851695e-04 
  165 1.657462e-03 3.851695e-04 
  166 1.647474e-03 3.851695e-04 
  167 1.633725e-03 3.851695e-04 
  168 1.617783e-03 3.851695e-04 
  169 1.591966e-03 3.851695e-04 
  170 1.538491e-03 3.851695e-04 
  171 1.462246e-03 3.851695e-04 
  172 1.391345e-03 3.851695e-04 
  173 1.326685e-03 3.851695e-04 
  174 1.259228e-03 3.851695e-04 
  175 1.192878e-03 3.851695e-04 
  176 1.138243e-03 3.851695e-04 
  177 1.078841e-03 3.851695e-04 
  178 9.874033e-04 3.851695e-04 
  179 8.776643e-04 3.851695e-04 
  180 7.619779e-04 3.851695e-04 
  181 6.796604e-04 3.851695e-04 
  182 6.070858e-04 3.851695e-04 
  183 5.437487e-04 3.851695e-04 
  184 4.923063e-04 3.851695e-04 
  185 4.200364e-04 3.851695e-04 
  186 3.545665e-04 3.851695e-04 
Gmres(500) iterations:
  0 6.377469e+04 6.377469e-04 (1.000000e-08)  
  1 1.524296e+04 6.377469e-04 
  2 5.598716e+03 6.377469e-04 
  3 3.243884e+03 6.377469e-04 
  4 2.702464e+03 6.377469e-04 
  5 2.434795e+03 6.377469e-04 
  6 2.354096e+03 6.377469e-04 
  7 2.110919e+03 6.377469e-04 
  8 1.618304e+03 6.377469e-04 
  9 1.195331e+03 6.377469e-04 
  10 9.930948e+02 6.377469e-04 
  11 8.915102e+02 6.377469e-04 
  12 8.483938e+02 6.377469e-04 
  13 7.422150e+02 6.377469e-04 
  14 6.130956e+02 6.377469e-04 
  15 5.413170e+02 6.377469e-04 
  16 4.956949e+02 6.377469e-04 
  17 4.646141e+02 6.377469e-04 
  18 4.361734e+02 6.377469e-04 
  19 4.005810e+02 6.377469e-04 
  20 3.616763e+02 6.377469e-04 
  21 3.413781e+02 6.377469e-04 
  22 3.158974e+02 6.377469e-04 
  23 2.871151e+02 6.377469e-04 
  24 2.546434e+02 6.377469e-04 
  25 2.316640e+02 6.377469e-04 
  26 2.067776e+02 6.377469e-04 
  27 1.796487e+02 6.377469e-04 
  28 1.495799e+02 6.377469e-04 
  29 1.289056e+02 6.377469e-04 
  30 1.157215e+02 6.377469e-04 
  31 1.081379e+02 6.377469e-04 
  32 1.013327e+02 6.377469e-04 
  33 9.594041e+01 6.377469e-04 
  34 8.847846e+01 6.377469e-04 
  35 7.715718e+01 6.377469e-04 
  36 6.635432e+01 6.377469e-04 
  37 5.512243e+01 6.377469e-04 
  38 4.674601e+01 6.377469e-04 
  39 4.214818e+01 6.377469e-04 
  40 3.880346e+01 6.377469e-04 
  41 3.644096e+01 6.377469e-04 
  42 3.433295e+01 6.377469e-04 
  43 3.105234e+01 6.377469e-04 
  44 2.769705e+01 6.377469e-04 
  45 2.527900e+01 6.377469e-04 
  46 2.348877e+01 6.377469e-04 
  47 2.227688e+01 6.377469e-04 
  48 2.134805e+01 6.377469e-04 
  49 2.004317e+01 6.377469e-04 
  50 1.786357e+01 6.377469e-04 
  51 1.610207e+01 6.377469e-04 
  52 1.488868e+01 6.377469e-04 
  53 1.369233e+01 6.377469e-04 
  54 1.276835e+01 6.377469e-04 
  55 1.193153e+01 6.377469e-04 
  56 1.145176e+01 6.377469e-04 
  57 1.087824e+01 6.377469e-04 
  58 1.024761e+01 6.377469e-04 
  59 9.702995e+00 6.377469e-04 
  60 8.912187e+00 6.377469e-04 
  61 8.047810e+00 6.377469e-04 
  62 7.482227e+00 6.377469e-04 
  63 6.958476e+00 6.377469e-04 
  64 6.615859e+00 6.377469e-04 
  65 6.190089e+00 6.377469e-04 
  66 5.680774e+00 6.377469e-04 
  67 5.055749e+00 6.377469e-04 
  68 4.651191e+00 6.377469e-04 
  69 4.199631e+00 6.377469e-04 
  70 3.839994e+00 6.377469e-04 
  71 3.496102e+00 6.377469e-04 
  72 3.125719e+00 6.377469e-04 
  73 2.905366e+00 6.377469e-04 
  74 2.663978e+00 6.377469e-04 
  75 2.489464e+00 6.377469e-04 
  76 2.414053e+00 6.377469e-04 
  77 2.334349e+00 6.377469e-04 
  78 2.236163e+00 6.377469e-04 
  79 2.083875e+00 6.377469e-04 
  80 1.932565e+00 6.377469e-04 
  81 1.804963e+00 6.377469e-04 
  82 1.640366e+00 6.377469e-04 
  83 1.460813e+00 6.377469e-04 
  84 1.334784e+00 6.377469e-04 
  85 1.228427e+00 6.377469e-04 
  86 1.117714e+00 6.377469e-04 
  87 1.023018e+00 6.377469e-04 
  88 9.653616e-01 6.377469e-04 
  89 9.085493e-01 6.377469e-04 
  90 8.329839e-01 6.377469e-04 
  91 7.601598e-01 6.377469e-04 
  92 6.951854e-01 6.377469e-04 
  93 6.218151e-01 6.377469e-04 
  94 5.700930e-01 6.377469e-04 
  95 5.360811e-01 6.377469e-04 
  96 5.059097e-01 6.377469e-04 
  97 4.598867e-01 6.377469e-04 
  98 4.177840e-01 6.377469e-04 
  99 3.809533e-01 6.377469e-04 
  100 3.431193e-01 6.377469e-04 
  101 3.091053e-01 6.377469e-04 
  102 2.858793e-01 6.377469e-04 
  103 2.664202e-01 6.377469e-04 
  104 2.407638e-01 6.377469e-04 
  105 2.200540e-01 6.377469e-04 
  106 2.056908e-01 6.377469e-04 
  107 1.869568e-01 6.377469e-04 
  108 1.691051e-01 6.377469e-04 
  109 1.526019e-01 6.377469e-04 
  110 1.351757e-01 6.377469e-04 
  111 1.237998e-01 6.377469e-04 
  112 1.137367e-01 6.377469e-04 
  113 1.008638e-01 6.377469e-04 
  114 9.104509e-02 6.377469e-04 
  115 8.495413e-02 6.377469e-04 
  116 7.943986e-02 6.377469e-04 
  117 7.297447e-02 6.377469e-04 
  118 6.489009e-02 6.377469e-04 
  119 5.787770e-02 6.377469e-04 
  120 5.288873e-02 6.377469e-04 
  121 4.781345e-02 6.377469e-04 
  122 4.340253e-02 6.377469e-04 
  123 3.928809e-02 6.377469e-04 
  124 3.553368e-02 6.377469e-04 
  125 3.219919e-02 6.377469e-04 
  126 2.962178e-02 6.377469e-04 
  127 2.715701e-02 6.377469e-04 
  128 2.456672e-02 6.377469e-04 
  129 2.242703e-02 6.377469e-04 
  130 2.094556e-02 6.377469e-04 
  131 1.916177e-02 6.377469e-04 
  132 1.738167e-02 6.377469e-04 
  133 1.572774e-02 6.377469e-04 
  134 1.420037e-02 6.377469e-04 
  135 1.287028e-02 6.377469e-04 
  136 1.177603e-02 6.377469e-04 
  137 1.075358e-02 6.377469e-04 
  138 9.710321e-03 6.377469e-04 
  139 8.813525e-03 6.377469e-04 
  140 8.045022e-03 6.377469e-04 
  141 7.248837e-03 6.377469e-04 
  142 6.488427e-03 6.377469e-04 
  143 5.826157e-03 6.377469e-04 
  144 5.339882e-03 6.377469e-04 
  145 4.765687e-03 6.377469e-04 
  146 4.180206e-03 6.377469e-04 
  147 3.851491e-03 6.377469e-04 
  148 3.517186e-03 6.377469e-04 
  149 3.146440e-03 6.377469e-04 
  150 2.857988e-03 6.377469e-04 
  151 2.621232e-03 6.377469e-04 
  152 2.444366e-03 6.377469e-04 
  153 2.243479e-03 6.377469e-04 
  154 2.047854e-03 6.377469e-04 
  155 1.918024e-03 6.377469e-04 
  156 1.865912e-03 6.377469e-04 
  157 1.824760e-03 6.377469e-04 
  158 1.762056e-03 6.377469e-04 
  159 1.679511e-03 6.377469e-04 
  160 1.575248e-03 6.377469e-04 
  161 1.508975e-03 6.377469e-04 
  162 1.467975e-03 6.377469e-04 
  163 1.428274e-03 6.377469e-04 
  164 1.389838e-03 6.377469e-04 
  165 1.362581e-03 6.377469e-04 
  166 1.341237e-03 6.377469e-04 
  167 1.330985e-03 6.377469e-04 
  168 1.322338e-03 6.377469e-04 
  169 1.298890e-03 6.377469e-04 
  170 1.249170e-03 6.377469e-04 
  171 1.201867e-03 6.377469e-04 
  172 1.122124e-03 6.377469e-04 
  173 1.062391e-03 6.377469e-04 
  174 1.031311e-03 6.377469e-04 
  175 1.009925e-03 6.377469e-04 
  176 9.859552e-04 6.377469e-04 
  177 9.444469e-04 6.377469e-04 
  178 8.780048e-04 6.377469e-04 
  179 7.866938e-04 6.377469e-04 
  180 7.067259e-04 6.377469e-04 
  181 6.361462e-04 6.377469e-04 
Gmres(500) iterations:
  0 6.974861e+04 6.974861e-04 (1.000000e-08)  
  1 1.496642e+04 6.974861e-04 
  2 5.369825e+03 6.974861e-04 
  3 3.244122e+03 6.974861e-04 
  4 3.060274e+03 6.974861e-04 
  5 2.988624e+03 6.974861e-04 
  6 2.807588e+03 6.974861e-04 
  7 2.285020e+03 6.974861e-04 
  8 1.633366e+03 6.974861e-04 
  9 1.238907e+03 6.974861e-04 
  10 1.033565e+03 6.974861e-04 
  11 9.177012e+02 6.974861e-04 
  12 8.099185e+02 6.974861e-04 
  13 7.247843e+02 6.974861e-04 
  14 6.216373e+02 6.974861e-04 
  15 5.372053e+02 6.974861e-04 
  16 4.941050e+02 6.974861e-04 
  17 4.527678e+02 6.974861e-04 
  18 4.189617e+02 6.974861e-04 
  19 3.881089e+02 6.974861e-04 
  20 3.513707e+02 6.974861e-04 
  21 3.240352e+02 6.974861e-04 
  22 2.982156e+02 6.974861e-04 
  23 2.737369e+02 6.974861e-04 
  24 2.551790e+02 6.974861e-04 
  25 2.260488e+02 6.974861e-04 
  26 1.985293e+02 6.974861e-04 
  27 1.784446e+02 6.974861e-04 
  28 1.580377e+02 6.974861e-04 
  29 1.371684e+02 6.974861e-04 
  30 1.215098e+02 6.974861e-04 
  31 1.107435e+02 6.974861e-04 
  32 9.946992e+01 6.974861e-04 
  33 9.001215e+01 6.974861e-04 
  34 8.134090e+01 6.974861e-04 
  35 7.238750e+01 6.974861e-04 
  36 6.418752e+01 6.974861e-04 
  37 5.587239e+01 6.974861e-04 
  38 4.974780e+01 6.974861e-04 
  39 4.626570e+01 6.974861e-04 
  40 4.211609e+01 6.974861e-04 
  41 3.681992e+01 6.974861e-04 
  42 3.304521e+01 6.974861e-04 
  43 3.046456e+01 6.974861e-04 
  44 2.795867e+01 6.974861e-04 
  45 2.549135e+01 6.974861e-04 
  46 2.287341e+01 6.974861e-04 
  47 2.173236e+01 6.974861e-04 
  48 2.100600e+01 6.974861e-04 
  49 1.963821e+01 6.974861e-04 
  50 1.829334e+01 6.974861e-04 
  51 1.680216e+01 6.974861e-04 
  52 1.546870e+01 6.974861e-04 
  53 1.409472e+01 6.974861e-04 
  54 1.313942e+01 6.974861e-04 
  55 1.214498e+01 6.974861e-04 
  56 1.072839e+01 6.974861e-04 
  57 9.583455e+00 6.974861e-04 
  58 8.890486e+00 6.974861e-04 
  59 8.272610e+00 6.974861e-04 
  60 7.680727e+00 6.974861e-04 
  61 7.163410e+00 6.974861e-04 
  62 6.780492e+00 6.974861e-04 
  63 6.326451e+00 6.974861e-04 
  64 5.794065e+00 6.974861e-04 
  65 5.156550e+00 6.974861e-04 
  66 4.675695e+00 6.974861e-04 
  67 4.388842e+00 6.974861e-04 
  68 4.048026e+00 6.974861e-04 
  69 3.754322e+00 6.974861e-04 
  70 3.482075e+00 6.974861e-04 
  71 3.085817e+00 6.974861e-04 
  72 2.820012e+00 6.974861e-04 
  73 2.570303e+00 6.974861e-04 
  74 2.351835e+00 6.974861e-04 
  75 2.248536e+00 6.974861e-04 
  76 2.152906e+00 6.974861e-04 
  77 2.077398e+00 6.974861e-04 
  78 1.977087e+00 6.974861e-04 
  79 1.859397e+00 6.974861e-04 
  80 1.700994e+00 6.974861e-04 
  81 1.504169e+00 6.974861e-04 
  82 1.338748e+00 6.974861e-04 
  83 1.222206e+00 6.974861e-04 
  84 1.130818e+00 6.974861e-04 
  85 1.044644e+00 6.974861e-04 
  86 9.728028e-01 6.974861e-04 
  87 9.485740e-01 6.974861e-04 
  88 9.309354e-01 6.974861e-04 
  89 9.046778e-01 6.974861e-04 
  90 8.560619e-01 6.974861e-04 
  91 7.868003e-01 6.974861e-04 
  92 7.142322e-01 6.974861e-04 
  93 6.510913e-01 6.974861e-04 
  94 6.022876e-01 6.974861e-04 
  95 5.675431e-01 6.974861e-04 
  96 5.419821e-01 6.974861e-04 
  97 5.185132e-01 6.974861e-04 
  98 4.852575e-01 6.974861e-04 
  99 4.408080e-01 6.974861e-04 
  100 4.021189e-01 6.974861e-04 
  101 3.677229e-01 6.974861e-04 
  102 3.363638e-01 6.974861e-04 
  103 3.094638e-01 6.974861e-04 
  104 2.880688e-01 6.974861e-04 
  105 2.672391e-01 6.974861e-04 
  106 2.425989e-01 6.974861e-04 
  107 2.214882e-01 6.974861e-04 
  108 2.086692e-01 6.974861e-04 
  109 1.958596e-01 6.974861e-04 
  110 1.801227e-01 6.974861e-04 
  111 1.636120e-01 6.974861e-04 
  112 1.424247e-01 6.974861e-04 
  113 1.304055e-01 6.974861e-04 
  114 1.224308e-01 6.974861e-04 
  115 1.161561e-01 6.974861e-04 
  116 1.084295e-01 6.974861e-04 
  117 9.899282e-02 6.974861e-04 
  118 9.218721e-02 6.974861e-04 
  119 8.563355e-02 6.974861e-04 
  120 8.090245e-02 6.974861e-04 
  121 7.534303e-02 6.974861e-04 
  122 6.558154e-02 6.974861e-04 
  123 5.764207e-02 6.974861e-04 
  124 5.114995e-02 6.974861e-04 
  125 4.658820e-02 6.974861e-04 
  126 4.355745e-02 6.974861e-04 
  127 4.157451e-02 6.974861e-04 
  128 4.062872e-02 6.974861e-04 
  129 3.878810e-02 6.974861e-04 
  130 3.649982e-02 6.974861e-04 
  131 3.451432e-02 6.974861e-04 
  132 3.297905e-02 6.974861e-04 
  133 3.110616e-02 6.974861e-04 
  134 2.865419e-02 6.974861e-04 
  135 2.735653e-02 6.974861e-04 
  136 2.690721e-02 6.974861e-04 
  137 2.647248e-02 6.974861e-04 
  138 2.604294e-02 6.974861e-04 
  139 2.563927e-02 6.974861e-04 
  140 2.515798e-02 6.974861e-04 
  141 2.478220e-02 6.974861e-04 
  142 2.396755e-02 6.974861e-04 
  143 2.304134e-02 6.974861e-04 
  144 2.249324e-02 6.974861e-04 
  145 2.199716e-02 6.974861e-04 
  146 2.151514e-02 6.974861e-04 
  147 2.099757e-02 6.974861e-04 
  148 2.025430e-02 6.974861e-04 
  149 1.967823e-02 6.974861e-04 
  150 1.918246e-02 6.974861e-04 
  151 1.869247e-02 6.974861e-04 
  152 1.800350e-02 6.974861e-04 
  153 1.707919e-02 6.974861e-04 
  154 1.573103e-02 6.974861e-04 
  155 1.436074e-02 6.974861e-04 
  156 1.290160e-02 6.974861e-04 
  157 1.171451e-02 6.974861e-04 
  158 1.088387e-02 6.974861e-04 
  159 1.020078e-02 6.974861e-04 
  160 9.202403e-03 6.974861e-04 
  161 8.178188e-03 6.974861e-04 
  162 7.317725e-03 6.974861e-04 
  163 6.480915e-03 6.974861e-04 
  164 5.477904e-03 6.974861e-04 
  165 4.768207e-03 6.974861e-04 
  166 4.300587e-03 6.974861e-04 
  167 3.846180e-03 6.974861e-04 
  168 3.352311e-03 6.974861e-04 
  169 2.956725e-03 6.974861e-04 
  170 2.550271e-03 6.974861e-04 
  171 2.236433e-03 6.974861e-04 
  172 1.937775e-03 6.974861e-04 
  173 1.658760e-03 6.974861e-04 
  174 1.429575e-03 6.974861e-04 
  175 1.228902e-03 6.974861e-04 
  176 1.067184e-03 6.974861e-04 
  177 9.041436e-04 6.974861e-04 
  178 7.580380e-04 6.974861e-04 
  179 6.488674e-04 6.974861e-04 
Gmres(500) iterations:
  0 6.135102e+04 6.135102e-04 (1.000000e-08)  
  1 1.442241e+04 6.135102e-04 
  2 5.188834e+03 6.135102e-04 
  3 2.719019e+03 6.135102e-04 
  4 2.265647e+03 6.135102e-04 
  5 2.069959e+03 6.135102e-04 
  6 1.987274e+03 6.135102e-04 
  7 1.907530e+03 6.135102e-04 
  8 1.740482e+03 6.135102e-04 
  9 1.460065e+03 6.135102e-04 
  10 1.151445e+03 6.135102e-04 
  11 9.744179e+02 6.135102e-04 
  12 9.061569e+02 6.135102e-04 
  13 8.000934e+02 6.135102e-04 
  14 7.017330e+02 6.135102e-04 
  15 6.223994e+02 6.135102e-04 
  16 5.625413e+02 6.135102e-04 
  17 5.096160e+02 6.135102e-04 
  18 4.670428e+02 6.135102e-04 
  19 4.299524e+02 6.135102e-04 
  20 3.906412e+02 6.135102e-04 
  21 3.635198e+02 6.135102e-04 
  22 3.382907e+02 6.135102e-04 
  23 3.051989e+02 6.135102e-04 
  24 2.719020e+02 6.135102e-04 
  25 2.491086e+02 6.135102e-04 
  26 2.288471e+02 6.135102e-04 
  27 2.004642e+02 6.135102e-04 
  28 1.790180e+02 6.135102e-04 
  29 1.632598e+02 6.135102e-04 
  30 1.542275e+02 6.135102e-04 
  31 1.450422e+02 6.135102e-04 
  32 1.305688e+02 6.135102e-04 
  33 1.190603e+02 6.135102e-04 
  34 1.103257e+02 6.135102e-04 
  35 1.000107e+02 6.135102e-04 
  36 8.821457e+01 6.135102e-04 
  37 6.998402e+01 6.135102e-04 
  38 6.031058e+01 6.135102e-04 
  39 5.458418e+01 6.135102e-04 
  40 4.979730e+01 6.135102e-04 
  41 4.538978e+01 6.135102e-04 
  42 4.280092e+01 6.135102e-04 
  43 4.025825e+01 6.135102e-04 
  44 3.721907e+01 6.135102e-04 
  45 3.401263e+01 6.135102e-04 
  46 3.152215e+01 6.135102e-04 
  47 2.865036e+01 6.135102e-04 
  48 2.606222e+01 6.135102e-04 
  49 2.420056e+01 6.135102e-04 
  50 2.299210e+01 6.135102e-04 
  51 2.159524e+01 6.135102e-04 
  52 2.004018e+01 6.135102e-04 
  53 1.854227e+01 6.135102e-04 
  54 1.762921e+01 6.135102e-04 
  55 1.667371e+01 6.135102e-04 
  56 1.565114e+01 6.135102e-04 
  57 1.465255e+01 6.135102e-04 
  58 1.321417e+01 6.135102e-04 
  59 1.158440e+01 6.135102e-04 
  60 1.045047e+01 6.135102e-04 
  61 9.701622e+00 6.135102e-04 
  62 8.698869e+00 6.135102e-04 
  63 7.717533e+00 6.135102e-04 
  64 7.062991e+00 6.135102e-04 
  65 6.500815e+00 6.135102e-04 
  66 5.974672e+00 6.135102e-04 
  67 5.410596e+00 6.135102e-04 
  68 4.987782e+00 6.135102e-04 
  69 4.629483e+00 6.135102e-04 
  70 4.148977e+00 6.135102e-04 
  71 3.735738e+00 6.135102e-04 
  72 3.507895e+00 6.135102e-04 
  73 3.285902e+00 6.135102e-04 
  74 2.961179e+00 6.135102e-04 
  75 2.658236e+00 6.135102e-04 
  76 2.374268e+00 6.135102e-04 
  77 2.163532e+00 6.135102e-04 
  78 2.049174e+00 6.135102e-04 
  79 1.969322e+00 6.135102e-04 
  80 1.812442e+00 6.135102e-04 
  81 1.632045e+00 6.135102e-04 
  82 1.492268e+00 6.135102e-04 
  83 1.351930e+00 6.135102e-04 
  84 1.132877e+00 6.135102e-04 
  85 1.014060e+00 6.135102e-04 
  86 9.630028e-01 6.135102e-04 
  87 9.114523e-01 6.135102e-04 
  88 8.559105e-01 6.135102e-04 
  89 7.920238e-01 6.135102e-04 
  90 7.233085e-01 6.135102e-04 
  91 6.528895e-01 6.135102e-04 
  92 5.707200e-01 6.135102e-04 
  93 5.113894e-01 6.135102e-04 
  94 4.732489e-01 6.135102e-04 
  95 4.341162e-01 6.135102e-04 
  96 3.883903e-01 6.135102e-04 
  97 3.482214e-01 6.135102e-04 
  98 3.144034e-01 6.135102e-04 
  99 2.839120e-01 6.135102e-04 
  100 2.600438e-01 6.135102e-04 
  101 2.463956e-01 6.135102e-04 
  102 2.256885e-01 6.135102e-04 
  103 1.946554e-01 6.135102e-04 
  104 1.685681e-01 6.135102e-04 
  105 1.546756e-01 6.135102e-04 
  106 1.458319e-01 6.135102e-04 
  107 1.363059e-01 6.135102e-04 
  108 1.213681e-01 6.135102e-04 
  109 1.074709e-01 6.135102e-04 
  110 9.602955e-02 6.135102e-04 
  111 8.813887e-02 6.135102e-04 
  112 8.074980e-02 6.135102e-04 
  113 7.137971e-02 6.135102e-04 
  114 6.490468e-02 6.135102e-04 
  115 5.917799e-02 6.135102e-04 
  116 5.383220e-02 6.135102e-04 
  117 4.875385e-02 6.135102e-04 
  118 4.458119e-02 6.135102e-04 
  119 4.087994e-02 6.135102e-04 
  120 3.781712e-02 6.135102e-04 
  121 3.513404e-02 6.135102e-04 
  122 3.282011e-02 6.135102e-04 
  123 3.040079e-02 6.135102e-04 
  124 2.857715e-02 6.135102e-04 
  125 2.682071e-02 6.135102e-04 
  126 2.456211e-02 6.135102e-04 
  127 2.267682e-02 6.135102e-04 
  128 2.109812e-02 6.135102e-04 
  129 2.019273e-02 6.135102e-04 
  130 1.946717e-02 6.135102e-04 
  131 1.870453e-02 6.135102e-04 
  132 1.803815e-02 6.135102e-04 
  133 1.740409e-02 6.135102e-04 
  134 1.654051e-02 6.135102e-04 
  135 1.555213e-02 6.135102e-04 
  136 1.502699e-02 6.135102e-04 
  137 1.431550e-02 6.135102e-04 
  138 1.345782e-02 6.135102e-04 
  139 1.257041e-02 6.135102e-04 
  140 1.191713e-02 6.135102e-04 
  141 1.163342e-02 6.135102e-04 
  142 1.131668e-02 6.135102e-04 
  143 1.092258e-02 6.135102e-04 
  144 1.041579e-02 6.135102e-04 
  145 9.724744e-03 6.135102e-04 
  146 9.034787e-03 6.135102e-04 
  147 8.486159e-03 6.135102e-04 
  148 8.129500e-03 6.135102e-04 
  149 7.807813e-03 6.135102e-04 
  150 7.528641e-03 6.135102e-04 
  151 7.312402e-03 6.135102e-04 
  152 7.057935e-03 6.135102e-04 
  153 6.765574e-03 6.135102e-04 
  154 6.429488e-03 6.135102e-04 
  155 6.227093e-03 6.135102e-04 
  156 6.100489e-03 6.135102e-04 
  157 5.999595e-03 6.135102e-04 
  158 5.866697e-03 6.135102e-04 
  159 5.616023e-03 6.135102e-04 
  160 5.320909e-03 6.135102e-04 
  161 5.127039e-03 6.135102e-04 
  162 4.961829e-03 6.135102e-04 
  163 4.854782e-03 6.135102e-04 
  164 4.732255e-03 6.135102e-04 
  165 4.528985e-03 6.135102e-04 
  166 4.174618e-03 6.135102e-04 
  167 3.814750e-03 6.135102e-04 
  168 3.475565e-03 6.135102e-04 
  169 3.180056e-03 6.135102e-04 
  170 2.937482e-03 6.135102e-04 
  171 2.675357e-03 6.135102e-04 
  172 2.414205e-03 6.135102e-04 
  173 2.171686e-03 6.135102e-04 
  174 1.916390e-03 6.135102e-04 
  175 1.701897e-03 6.135102e-04 
  176 1.503592e-03 6.135102e-04 
  177 1.331477e-03 6.135102e-04 
  178 1.186065e-03 6.135102e-04 
  179 1.045307e-03 6.135102e-04 
  180 9.101377e-04 6.135102e-04 
  181 7.927517e-04 6.135102e-04 
  182 6.875739e-04 6.135102e-04 
  183 5.917758e-04 6.135102e-04 
Gmres(500) iterations:
  0 5.905441e+04 5.905441e-04 (1.000000e-08)  
  1 1.364934e+04 5.905441e-04 
  2 5.040497e+03 5.905441e-04 
  3 2.625214e+03 5.905441e-04 
  4 2.065467e+03 5.905441e-04 
  5 1.859121e+03 5.905441e-04 
  6 1.802701e+03 5.905441e-04 
  7 1.753895e+03 5.905441e-04 
  8 1.593885e+03 5.905441e-04 
  9 1.352946e+03 5.905441e-04 
  10 1.098078e+03 5.905441e-04 
  11 9.099072e+02 5.905441e-04 
  12 8.377782e+02 5.905441e-04 
  13 7.650141e+02 5.905441e-04 
  14 6.774677e+02 5.905441e-04 
  15 5.922273e+02 5.905441e-04 
  16 5.321075e+02 5.905441e-04 
  17 4.871040e+02 5.905441e-04 
  18 4.516265e+02 5.905441e-04 
  19 4.231624e+02 5.905441e-04 
  20 3.859499e+02 5.905441e-04 
  21 3.530074e+02 5.905441e-04 
  22 3.278806e+02 5.905441e-04 
  23 2.983476e+02 5.905441e-04 
  24 2.683488e+02 5.905441e-04 
  25 2.414935e+02 5.905441e-04 
  26 2.179426e+02 5.905441e-04 
  27 1.974364e+02 5.905441e-04 
  28 1.744340e+02 5.905441e-04 
  29 1.558117e+02 5.905441e-04 
  30 1.449167e+02 5.905441e-04 
  31 1.356978e+02 5.905441e-04 
  32 1.251283e+02 5.905441e-04 
  33 1.136409e+02 5.905441e-04 
  34 1.035469e+02 5.905441e-04 
  35 9.405505e+01 5.905441e-04 
  36 8.437440e+01 5.905441e-04 
  37 7.054386e+01 5.905441e-04 
  38 5.937048e+01 5.905441e-04 
  39 5.280613e+01 5.905441e-04 
  40 4.822434e+01 5.905441e-04 
  41 4.365212e+01 5.905441e-04 
  42 4.089133e+01 5.905441e-04 
  43 3.858243e+01 5.905441e-04 
  44 3.593184e+01 5.905441e-04 
  45 3.332204e+01 5.905441e-04 
  46 3.002629e+01 5.905441e-04 
  47 2.736307e+01 5.905441e-04 
  48 2.542798e+01 5.905441e-04 
  49 2.378924e+01 5.905441e-04 
  50 2.297975e+01 5.905441e-04 
  51 2.218181e+01 5.905441e-04 
  52 2.121589e+01 5.905441e-04 
  53 1.981405e+01 5.905441e-04 
  54 1.854504e+01 5.905441e-04 
  55 1.656940e+01 5.905441e-04 
  56 1.504905e+01 5.905441e-04 
  57 1.375177e+01 5.905441e-04 
  58 1.238904e+01 5.905441e-04 
  59 1.116596e+01 5.905441e-04 
  60 1.013360e+01 5.905441e-04 
  61 9.475278e+00 5.905441e-04 
  62 8.845660e+00 5.905441e-04 
  63 8.207036e+00 5.905441e-04 
  64 7.438143e+00 5.905441e-04 
  65 6.761945e+00 5.905441e-04 
  66 6.107075e+00 5.905441e-04 
  67 5.482494e+00 5.905441e-04 
  68 5.008641e+00 5.905441e-04 
  69 4.634067e+00 5.905441e-04 
  70 4.232293e+00 5.905441e-04 
  71 3.837878e+00 5.905441e-04 
  72 3.552672e+00 5.905441e-04 
  73 3.247213e+00 5.905441e-04 
  74 2.989466e+00 5.905441e-04 
  75 2.829936e+00 5.905441e-04 
  76 2.560149e+00 5.905441e-04 
  77 2.289433e+00 5.905441e-04 
  78 2.071290e+00 5.905441e-04 
  79 1.870134e+00 5.905441e-04 
  80 1.683856e+00 5.905441e-04 
  81 1.530837e+00 5.905441e-04 
  82 1.419030e+00 5.905441e-04 
  83 1.304028e+00 5.905441e-04 
  84 1.184846e+00 5.905441e-04 
  85 1.068755e+00 5.905441e-04 
  86 9.861934e-01 5.905441e-04 
  87 9.171047e-01 5.905441e-04 
  88 8.478970e-01 5.905441e-04 
  89 7.520538e-01 5.905441e-04 
  90 6.701848e-01 5.905441e-04 
  91 5.907067e-01 5.905441e-04 
  92 5.186275e-01 5.905441e-04 
  93 4.712123e-01 5.905441e-04 
  94 4.464073e-01 5.905441e-04 
  95 4.197211e-01 5.905441e-04 
  96 3.842939e-01 5.905441e-04 
  97 3.505564e-01 5.905441e-04 
  98 3.304129e-01 5.905441e-04 
  99 3.067082e-01 5.905441e-04 
  100 2.785156e-01 5.905441e-04 
  101 2.522991e-01 5.905441e-04 
  102 2.250945e-01 5.905441e-04 
  103 1.988220e-01 5.905441e-04 
  104 1.772409e-01 5.905441e-04 
  105 1.595111e-01 5.905441e-04 
  106 1.443756e-01 5.905441e-04 
  107 1.297644e-01 5.905441e-04 
  108 1.142291e-01 5.905441e-04 
  109 1.035206e-01 5.905441e-04 
  110 9.353700e-02 5.905441e-04 
  111 8.556369e-02 5.905441e-04 
  112 7.885408e-02 5.905441e-04 
  113 7.352374e-02 5.905441e-04 
  114 6.929816e-02 5.905441e-04 
  115 6.361094e-02 5.905441e-04 
  116 5.650910e-02 5.905441e-04 
  117 5.020097e-02 5.905441e-04 
  118 4.638591e-02 5.905441e-04 
  119 4.195699e-02 5.905441e-04 
  120 3.838051e-02 5.905441e-04 
  121 3.586190e-02 5.905441e-04 
  122 3.316678e-02 5.905441e-04 
  123 3.104704e-02 5.905441e-04 
  124 2.966929e-02 5.905441e-04 
  125 2.843315e-02 5.905441e-04 
  126 2.600207e-02 5.905441e-04 
  127 2.344782e-02 5.905441e-04 
  128 2.147412e-02 5.905441e-04 
  129 2.003666e-02 5.905441e-04 
  130 1.901788e-02 5.905441e-04 
  131 1.804034e-02 5.905441e-04 
  132 1.664490e-02 5.905441e-04 
  133 1.526175e-02 5.905441e-04 
  134 1.408255e-02 5.905441e-04 
  135 1.322772e-02 5.905441e-04 
  136 1.246113e-02 5.905441e-04 
  137 1.152528e-02 5.905441e-04 
  138 1.042826e-02 5.905441e-04 
  139 9.444673e-03 5.905441e-04 
  140 8.611878e-03 5.905441e-04 
  141 8.048249e-03 5.905441e-04 
  142 7.553230e-03 5.905441e-04 
  143 7.065704e-03 5.905441e-04 
  144 6.729351e-03 5.905441e-04 
  145 6.409605e-03 5.905441e-04 
  146 6.000128e-03 5.905441e-04 
  147 5.547078e-03 5.905441e-04 
  148 5.164200e-03 5.905441e-04 
  149 4.784722e-03 5.905441e-04 
  150 4.563694e-03 5.905441e-04 
  151 4.479505e-03 5.905441e-04 
  152 4.391949e-03 5.905441e-04 
  153 4.262422e-03 5.905441e-04 
  154 4.069254e-03 5.905441e-04 
  155 3.880553e-03 5.905441e-04 
  156 3.680611e-03 5.905441e-04 
  157 3.529901e-03 5.905441e-04 
  158 3.460606e-03 5.905441e-04 
  159 3.389316e-03 5.905441e-04 
  160 3.338745e-03 5.905441e-04 
  161 3.316446e-03 5.905441e-04 
  162 3.296794e-03 5.905441e-04 
  163 3.220622e-03 5.905441e-04 
  164 3.055241e-03 5.905441e-04 
  165 2.840245e-03 5.905441e-04 
  166 2.643733e-03 5.905441e-04 
  167 2.489791e-03 5.905441e-04 
  168 2.349495e-03 5.905441e-04 
  169 2.283676e-03 5.905441e-04 
  170 2.232678e-03 5.905441e-04 
  171 2.141618e-03 5.905441e-04 
  172 2.011335e-03 5.905441e-04 
  173 1.833845e-03 5.905441e-04 
  174 1.586498e-03 5.905441e-04 
  175 1.397413e-03 5.905441e-04 
  176 1.263847e-03 5.905441e-04 
  177 1.153005e-03 5.905441e-04 
  178 1.042995e-03 5.905441e-04 
  179 9.185960e-04 5.905441e-04 
  180 8.255402e-04 5.905441e-04 
  181 7.532046e-04 5.905441e-04 
  182 6.479046e-04 5.905441e-04 
  183 5.406766e-04 5.905441e-04 
Gmres(500) iterations:
  0 2.017854e+04 2.017854e-04 (1.000000e-08)  
  1 4.885675e+03 2.017854e-04 
  2 1.789234e+03 2.017854e-04 
  3 1.114654e+03 2.017854e-04 
  4 9.591851e+02 2.017854e-04 
  5 8.239244e+02 2.017854e-04 
  6 7.141890e+02 2.017854e-04 
  7 6.418342e+02 2.017854e-04 
  8 5.538479e+02 2.017854e-04 
  9 4.518419e+02 2.017854e-04 
  10 3.620949e+02 2.017854e-04 
  11 2.912096e+02 2.017854e-04 
  12 2.632766e+02 2.017854e-04 
  13 2.326047e+02 2.017854e-04 
  14 2.041442e+02 2.017854e-04 
  15 1.840390e+02 2.017854e-04 
  16 1.642053e+02 2.017854e-04 
  17 1.530690e+02 2.017854e-04 
  18 1.367541e+02 2.017854e-04 
  19 1.195396e+02 2.017854e-04 
  20 1.051507e+02 2.017854e-04 
  21 9.235029e+01 2.017854e-04 
  22 7.749167e+01 2.017854e-04 
  23 6.974319e+01 2.017854e-04 
  24 6.153534e+01 2.017854e-04 
  25 5.365830e+01 2.017854e-04 
  26 4.628661e+01 2.017854e-04 
  27 3.997976e+01 2.017854e-04 
  28 3.629654e+01 2.017854e-04 
  29 3.329843e+01 2.017854e-04 
  30 2.969301e+01 2.017854e-04 
  31 2.574946e+01 2.017854e-04 
  32 2.223830e+01 2.017854e-04 
  33 2.067043e+01 2.017854e-04 
  34 1.936652e+01 2.017854e-04 
  35 1.816667e+01 2.017854e-04 
  36 1.646596e+01 2.017854e-04 
  37 1.431404e+01 2.017854e-04 
  38 1.249291e+01 2.017854e-04 
  39 1.139187e+01 2.017854e-04 
  40 1.058493e+01 2.017854e-04 
  41 9.786033e+00 2.017854e-04 
  42 8.890931e+00 2.017854e-04 
  43 8.199512e+00 2.017854e-04 
  44 7.659966e+00 2.017854e-04 
  45 7.241386e+00 2.017854e-04 
  46 6.956583e+00 2.017854e-04 
  47 6.680662e+00 2.017854e-04 
  48 6.238695e+00 2.017854e-04 
  49 5.751124e+00 2.017854e-04 
  50 5.112821e+00 2.017854e-04 
  51 4.667795e+00 2.017854e-04 
  52 4.356112e+00 2.017854e-04 
  53 4.127236e+00 2.017854e-04 
  54 3.854558e+00 2.017854e-04 
  55 3.639071e+00 2.017854e-04 
  56 3.447818e+00 2.017854e-04 
  57 3.227270e+00 2.017854e-04 
  58 2.908452e+00 2.017854e-04 
  59 2.638044e+00 2.017854e-04 
  60 2.397693e+00 2.017854e-04 
  61 2.246865e+00 2.017854e-04 
  62 2.091585e+00 2.017854e-04 
  63 1.926689e+00 2.017854e-04 
  64 1.742386e+00 2.017854e-04 
  65 1.505745e+00 2.017854e-04 
  66 1.314522e+00 2.017854e-04 
  67 1.196163e+00 2.017854e-04 
  68 1.123997e+00 2.017854e-04 
  69 1.046617e+00 2.017854e-04 
  70 9.576289e-01 2.017854e-04 
  71 8.844373e-01 2.017854e-04 
  72 8.049567e-01 2.017854e-04 
  73 7.556939e-01 2.017854e-04 
  74 7.077924e-01 2.017854e-04 
  75 6.715888e-01 2.017854e-04 
  76 6.203443e-01 2.017854e-04 
  77 5.611271e-01 2.017854e-04 
  78 4.877771e-01 2.017854e-04 
  79 4.238069e-01 2.017854e-04 
  80 3.873529e-01 2.017854e-04 
  81 3.590255e-01 2.017854e-04 
  82 3.296337e-01 2.017854e-04 
  83 3.014087e-01 2.017854e-04 
  84 2.781652e-01 2.017854e-04 
  85 2.589901e-01 2.017854e-04 
  86 2.397941e-01 2.017854e-04 
  87 2.248880e-01 2.017854e-04 
  88 2.130534e-01 2.017854e-04 
  89 2.012746e-01 2.017854e-04 
  90 1.865288e-01 2.017854e-04 
  91 1.692212e-01 2.017854e-04 
  92 1.501257e-01 2.017854e-04 
  93 1.320199e-01 2.017854e-04 
  94 1.169528e-01 2.017854e-04 
  95 1.075042e-01 2.017854e-04 
  96 9.903289e-02 2.017854e-04 
  97 9.120727e-02 2.017854e-04 
  98 8.376969e-02 2.017854e-04 
  99 7.789087e-02 2.017854e-04 
  100 7.130052e-02 2.017854e-04 
  101 6.543024e-02 2.017854e-04 
  102 5.952440e-02 2.017854e-04 
  103 5.333464e-02 2.017854e-04 
  104 4.796545e-02 2.017854e-04 
  105 4.455759e-02 2.017854e-04 
  106 4.148464e-02 2.017854e-04 
  107 3.721282e-02 2.017854e-04 
  108 3.233183e-02 2.017854e-04 
  109 2.871889e-02 2.017854e-04 
  110 2.625708e-02 2.017854e-04 
  111 2.429334e-02 2.017854e-04 
  112 2.234525e-02 2.017854e-04 
  113 2.023150e-02 2.017854e-04 
  114 1.797855e-02 2.017854e-04 
  115 1.598853e-02 2.017854e-04 
  116 1.480708e-02 2.017854e-04 
  117 1.386412e-02 2.017854e-04 
  118 1.297700e-02 2.017854e-04 
  119 1.204718e-02 2.017854e-04 
  120 1.108338e-02 2.017854e-04 
  121 1.026332e-02 2.017854e-04 
  122 9.554101e-03 2.017854e-04 
  123 8.691114e-03 2.017854e-04 
  124 7.853648e-03 2.017854e-04 
  125 7.574869e-03 2.017854e-04 
  126 7.454339e-03 2.017854e-04 
  127 7.312316e-03 2.017854e-04 
  128 7.126133e-03 2.017854e-04 
  129 6.836108e-03 2.017854e-04 
  130 6.285744e-03 2.017854e-04 
  131 5.696510e-03 2.017854e-04 
  132 5.268073e-03 2.017854e-04 
  133 5.121556e-03 2.017854e-04 
  134 5.037744e-03 2.017854e-04 
  135 4.947498e-03 2.017854e-04 
  136 4.888495e-03 2.017854e-04 
  137 4.873124e-03 2.017854e-04 
  138 4.858477e-03 2.017854e-04 
  139 4.815401e-03 2.017854e-04 
  140 4.694682e-03 2.017854e-04 
  141 4.370958e-03 2.017854e-04 
  142 3.987823e-03 2.017854e-04 
  143 3.766981e-03 2.017854e-04 
  144 3.681794e-03 2.017854e-04 
  145 3.603207e-03 2.017854e-04 
  146 3.555670e-03 2.017854e-04 
  147 3.508847e-03 2.017854e-04 
  148 3.433662e-03 2.017854e-04 
  149 3.344549e-03 2.017854e-04 
  150 3.214923e-03 2.017854e-04 
  151 3.027775e-03 2.017854e-04 
  152 2.750443e-03 2.017854e-04 
  153 2.443789e-03 2.017854e-04 
  154 2.142732e-03 2.017854e-04 
  155 1.915512e-03 2.017854e-04 
  156 1.762636e-03 2.017854e-04 
  157 1.640646e-03 2.017854e-04 
  158 1.450160e-03 2.017854e-04 
  159 1.281314e-03 2.017854e-04 
  160 1.146110e-03 2.017854e-04 
  161 9.893245e-04 2.017854e-04 
  162 8.340190e-04 2.017854e-04 
  163 7.184868e-04 2.017854e-04 
  164 6.366055e-04 2.017854e-04 
  165 5.581945e-04 2.017854e-04 
  166 4.815655e-04 2.017854e-04 
  167 4.215002e-04 2.017854e-04 
  168 3.731464e-04 2.017854e-04 
  169 3.278668e-04 2.017854e-04 
  170 2.779508e-04 2.017854e-04 
  171 2.419258e-04 2.017854e-04 
  172 2.078641e-04 2.017854e-04 
  173 1.823556e-04 2.017854e-04 
Gmres(500) iterations:
  0 2.000368e+04 2.000368e-04 (1.000000e-08)  
  1 4.923154e+03 2.000368e-04 
  2 1.796052e+03 2.000368e-04 
  3 1.120591e+03 2.000368e-04 
  4 9.595714e+02 2.000368e-04 
  5 8.032704e+02 2.000368e-04 
  6 6.860503e+02 2.000368e-04 
  7 6.152459e+02 2.000368e-04 
  8 5.431420e+02 2.000368e-04 
  9 4.547270e+02 2.000368e-04 
  10 3.725900e+02 2.000368e-04 
  11 3.009801e+02 2.000368e-04 
  12 2.706947e+02 2.000368e-04 
  13 2.397382e+02 2.000368e-04 
  14 2.101978e+02 2.000368e-04 
  15 1.888192e+02 2.000368e-04 
  16 1.647993e+02 2.000368e-04 
  17 1.521697e+02 2.000368e-04 
  18 1.359979e+02 2.000368e-04 
  19 1.187367e+02 2.000368e-04 
  20 1.038553e+02 2.000368e-04 
  21 9.117947e+01 2.000368e-04 
  22 7.834463e+01 2.000368e-04 
  23 7.081052e+01 2.000368e-04 
  24 6.194228e+01 2.000368e-04 
  25 5.301732e+01 2.000368e-04 
  26 4.566554e+01 2.000368e-04 
  27 3.993988e+01 2.000368e-04 
  28 3.608470e+01 2.000368e-04 
  29 3.258323e+01 2.000368e-04 
  30 2.904070e+01 2.000368e-04 
  31 2.526570e+01 2.000368e-04 
  32 2.222218e+01 2.000368e-04 
  33 2.088578e+01 2.000368e-04 
  34 1.984629e+01 2.000368e-04 
  35 1.855620e+01 2.000368e-04 
  36 1.640898e+01 2.000368e-04 
  37 1.423554e+01 2.000368e-04 
  38 1.264798e+01 2.000368e-04 
  39 1.149517e+01 2.000368e-04 
  40 1.051948e+01 2.000368e-04 
  41 9.679585e+00 2.000368e-04 
  42 9.000455e+00 2.000368e-04 
  43 8.332608e+00 2.000368e-04 
  44 7.653889e+00 2.000368e-04 
  45 7.068846e+00 2.000368e-04 
  46 6.718475e+00 2.000368e-04 
  47 6.512606e+00 2.000368e-04 
  48 6.249824e+00 2.000368e-04 
  49 5.904945e+00 2.000368e-04 
  50 5.378851e+00 2.000368e-04 
  51 4.853508e+00 2.000368e-04 
  52 4.512207e+00 2.000368e-04 
  53 4.253399e+00 2.000368e-04 
  54 3.871699e+00 2.000368e-04 
  55 3.519250e+00 2.000368e-04 
  56 3.331832e+00 2.000368e-04 
  57 3.175645e+00 2.000368e-04 
  58 2.928385e+00 2.000368e-04 
  59 2.641331e+00 2.000368e-04 
  60 2.462391e+00 2.000368e-04 
  61 2.339748e+00 2.000368e-04 
  62 2.140888e+00 2.000368e-04 
  63 1.874710e+00 2.000368e-04 
  64 1.651397e+00 2.000368e-04 
  65 1.493780e+00 2.000368e-04 
  66 1.336294e+00 2.000368e-04 
  67 1.228524e+00 2.000368e-04 
  68 1.175266e+00 2.000368e-04 
  69 1.118114e+00 2.000368e-04 
  70 1.019316e+00 2.000368e-04 
  71 9.150651e-01 2.000368e-04 
  72 8.386556e-01 2.000368e-04 
  73 7.916456e-01 2.000368e-04 
  74 7.373386e-01 2.000368e-04 
  75 6.743188e-01 2.000368e-04 
  76 6.081821e-01 2.000368e-04 
  77 5.577512e-01 2.000368e-04 
  78 5.104701e-01 2.000368e-04 
  79 4.693736e-01 2.000368e-04 
  80 4.236660e-01 2.000368e-04 
  81 3.874492e-01 2.000368e-04 
  82 3.683248e-01 2.000368e-04 
  83 3.484379e-01 2.000368e-04 
  84 3.153645e-01 2.000368e-04 
  85 2.816826e-01 2.000368e-04 
  86 2.578654e-01 2.000368e-04 
  87 2.376782e-01 2.000368e-04 
  88 2.192946e-01 2.000368e-04 
  89 2.038065e-01 2.000368e-04 
  90 1.877052e-01 2.000368e-04 
  91 1.666420e-01 2.000368e-04 
  92 1.443386e-01 2.000368e-04 
  93 1.315047e-01 2.000368e-04 
  94 1.239997e-01 2.000368e-04 
  95 1.155580e-01 2.000368e-04 
  96 1.032406e-01 2.000368e-04 
  97 9.343622e-02 2.000368e-04 
  98 8.595009e-02 2.000368e-04 
  99 7.733409e-02 2.000368e-04 
  100 6.803016e-02 2.000368e-04 
  101 6.047510e-02 2.000368e-04 
  102 5.613068e-02 2.000368e-04 
  103 5.164394e-02 2.000368e-04 
  104 4.744154e-02 2.000368e-04 
  105 4.422135e-02 2.000368e-04 
  106 4.103791e-02 2.000368e-04 
  107 3.638600e-02 2.000368e-04 
  108 3.197576e-02 2.000368e-04 
  109 2.823046e-02 2.000368e-04 
  110 2.526356e-02 2.000368e-04 
  111 2.290465e-02 2.000368e-04 
  112 2.069913e-02 2.000368e-04 
  113 1.844025e-02 2.000368e-04 
  114 1.590505e-02 2.000368e-04 
  115 1.435792e-02 2.000368e-04 
  116 1.340284e-02 2.000368e-04 
  117 1.257084e-02 2.000368e-04 
  118 1.192624e-02 2.000368e-04 
  119 1.131588e-02 2.000368e-04 
  120 1.054650e-02 2.000368e-04 
  121 9.632288e-03 2.000368e-04 
  122 8.652464e-03 2.000368e-04 
  123 7.747310e-03 2.000368e-04 
  124 7.130854e-03 2.000368e-04 
  125 6.925364e-03 2.000368e-04 
  126 6.774164e-03 2.000368e-04 
  127 6.615249e-03 2.000368e-04 
  128 6.503215e-03 2.000368e-04 
  129 6.389421e-03 2.000368e-04 
  130 6.166208e-03 2.000368e-04 
  131 5.820975e-03 2.000368e-04 
  132 5.434651e-03 2.000368e-04 
  133 5.164228e-03 2.000368e-04 
  134 4.953000e-03 2.000368e-04 
  135 4.795325e-03 2.000368e-04 
  136 4.714899e-03 2.000368e-04 
  137 4.704267e-03 2.000368e-04 
  138 4.690941e-03 2.000368e-04 
  139 4.645386e-03 2.000368e-04 
  140 4.539322e-03 2.000368e-04 
  141 4.384449e-03 2.000368e-04 
  142 4.187698e-03 2.000368e-04 
  143 4.076928e-03 2.000368e-04 
  144 3.944484e-03 2.000368e-04 
  145 3.717925e-03 2.000368e-04 
  146 3.518798e-03 2.000368e-04 
  147 3.336690e-03 2.000368e-04 
  148 3.181550e-03 2.000368e-04 
  149 3.099888e-03 2.000368e-04 
  150 3.004313e-03 2.000368e-04 
  151 2.853130e-03 2.000368e-04 
  152 2.589754e-03 2.000368e-04 
  153 2.283508e-03 2.000368e-04 
  154 1.982488e-03 2.000368e-04 
  155 1.719447e-03 2.000368e-04 
  156 1.538596e-03 2.000368e-04 
  157 1.419144e-03 2.000368e-04 
  158 1.276434e-03 2.000368e-04 
  159 1.160137e-03 2.000368e-04 
  160 1.038659e-03 2.000368e-04 
  161 9.106028e-04 2.000368e-04 
  162 8.030974e-04 2.000368e-04 
  163 7.152620e-04 2.000368e-04 
  164 6.419270e-04 2.000368e-04 
  165 5.633113e-04 2.000368e-04 
  166 4.968626e-04 2.000368e-04 
  167 4.439338e-04 2.000368e-04 
  168 3.977616e-04 2.000368e-04 
  169 3.490138e-04 2.000368e-04 
  170 3.059585e-04 2.000368e-04 
  171 2.650465e-04 2.000368e-04 
  172 2.315052e-04 2.000368e-04 
  173 2.154839e-04 2.000368e-04 
  174 1.959032e-04 2.000368e-04 
