   -0.1000   -0.1500
   -0.0879   -0.1500
   -0.0758   -0.1500
   -0.0636   -0.1500
   -0.0515   -0.1500
   -0.0394   -0.1500
   -0.0273   -0.1500
   -0.0152   -0.1500
   -0.0030   -0.1500
    0.0091   -0.1500
    0.0212   -0.1500
    0.0333   -0.1500
    0.0455   -0.1500
    0.0576   -0.1500
    0.0697   -0.1500
    0.0818   -0.1500
    0.0939   -0.1500
    0.1061   -0.1500
    0.1182   -0.1500
    0.1303   -0.1500
    0.1424   -0.1500
    0.1545   -0.1500
    0.1667   -0.1500
    0.1788   -0.1500
    0.1909   -0.1500
    0.2030   -0.1500
    0.2152   -0.1500
    0.2273   -0.1500
    0.2394   -0.1500
    0.2515   -0.1500
    0.2636   -0.1500
    0.2758   -0.1500
    0.2879   -0.1500
    0.3000   -0.1500
    0.3121   -0.1500
    0.3242   -0.1500
    0.3364   -0.1500
    0.3485   -0.1500
    0.3606   -0.1500
    0.3727   -0.1500
    0.3848   -0.1500
    0.3970   -0.1500
    0.4091   -0.1500
    0.4212   -0.1500
    0.4333   -0.1500
    0.4455   -0.1500
    0.4576   -0.1500
    0.4697   -0.1500
    0.4818   -0.1500
    0.4939   -0.1500
    0.5061   -0.1500
    0.5182   -0.1500
    0.5303   -0.1500
    0.5424   -0.1500
    0.5545   -0.1500
    0.5667   -0.1500
    0.5788   -0.1500
    0.5909   -0.1500
    0.6030   -0.1500
    0.6152   -0.1500
    0.6273   -0.1500
    0.6394   -0.1500
    0.6515   -0.1500
    0.6636   -0.1500
    0.6758   -0.1500
    0.6879   -0.1500
    0.7000   -0.1500
    0.7121   -0.1500
    0.7242   -0.1500
    0.7364   -0.1500
    0.7485   -0.1500
    0.7606   -0.1500
    0.7727   -0.1500
    0.7848   -0.1500
    0.7970   -0.1500
    0.8091   -0.1500
    0.8212   -0.1500
    0.8333   -0.1500
    0.8455   -0.1500
    0.8576   -0.1500
    0.8697   -0.1500
    0.8818   -0.1500
    0.8939   -0.1500
    0.9061   -0.1500
    0.9182   -0.1500
    0.9303   -0.1500
    0.9424   -0.1500
    0.9545   -0.1500
    0.9667   -0.1500
    0.9788   -0.1500
    0.9909   -0.1500
    1.0030   -0.1500
    1.0152   -0.1500
    1.0273   -0.1500
    1.0394   -0.1500
    1.0515   -0.1500
    1.0636   -0.1500
    1.0758   -0.1500
    1.0879   -0.1500
    1.1000   -0.1500
    1.1000   -0.1500
    1.1000   -0.1470
    1.1000   -0.1439
    1.1000   -0.1409
    1.1000   -0.1379
    1.1000   -0.1348
    1.1000   -0.1318
    1.1000   -0.1288
    1.1000   -0.1258
    1.1000   -0.1227
    1.1000   -0.1197
    1.1000   -0.1167
    1.1000   -0.1136
    1.1000   -0.1106
    1.1000   -0.1076
    1.1000   -0.1045
    1.1000   -0.1015
    1.1000   -0.0985
    1.1000   -0.0955
    1.1000   -0.0924
    1.1000   -0.0894
    1.1000   -0.0864
    1.1000   -0.0833
    1.1000   -0.0803
    1.1000   -0.0773
    1.1000   -0.0742
    1.1000   -0.0712
    1.1000   -0.0682
    1.1000   -0.0652
    1.1000   -0.0621
    1.1000   -0.0591
    1.1000   -0.0561
    1.1000   -0.0530
    1.1000   -0.0500
    1.1000   -0.0470
    1.1000   -0.0439
    1.1000   -0.0409
    1.1000   -0.0379
    1.1000   -0.0348
    1.1000   -0.0318
    1.1000   -0.0288
    1.1000   -0.0258
    1.1000   -0.0227
    1.1000   -0.0197
    1.1000   -0.0167
    1.1000   -0.0136
    1.1000   -0.0106
    1.1000   -0.0076
    1.1000   -0.0045
    1.1000   -0.0015
    1.1000    0.0015
    1.1000    0.0045
    1.1000    0.0076
    1.1000    0.0106
    1.1000    0.0136
    1.1000    0.0167
    1.1000    0.0197
    1.1000    0.0227
    1.1000    0.0258
    1.1000    0.0288
    1.1000    0.0318
    1.1000    0.0348
    1.1000    0.0379
    1.1000    0.0409
    1.1000    0.0439
    1.1000    0.0470
    1.1000    0.0500
    1.1000    0.0530
    1.1000    0.0561
    1.1000    0.0591
    1.1000    0.0621
    1.1000    0.0652
    1.1000    0.0682
    1.1000    0.0712
    1.1000    0.0742
    1.1000    0.0773
    1.1000    0.0803
    1.1000    0.0833
    1.1000    0.0864
    1.1000    0.0894
    1.1000    0.0924
    1.1000    0.0955
    1.1000    0.0985
    1.1000    0.1015
    1.1000    0.1045
    1.1000    0.1076
    1.1000    0.1106
    1.1000    0.1136
    1.1000    0.1167
    1.1000    0.1197
    1.1000    0.1227
    1.1000    0.1258
    1.1000    0.1288
    1.1000    0.1318
    1.1000    0.1348
    1.1000    0.1379
    1.1000    0.1409
    1.1000    0.1439
    1.1000    0.1470
    1.1000    0.1500
    1.1000    0.1500
    1.0879    0.1500
    1.0758    0.1500
    1.0636    0.1500
    1.0515    0.1500
    1.0394    0.1500
    1.0273    0.1500
    1.0152    0.1500
    1.0030    0.1500
    0.9909    0.1500
    0.9788    0.1500
    0.9667    0.1500
    0.9545    0.1500
    0.9424    0.1500
    0.9303    0.1500
    0.9182    0.1500
    0.9061    0.1500
    0.8939    0.1500
    0.8818    0.1500
    0.8697    0.1500
    0.8576    0.1500
    0.8455    0.1500
    0.8333    0.1500
    0.8212    0.1500
    0.8091    0.1500
    0.7970    0.1500
    0.7848    0.1500
    0.7727    0.1500
    0.7606    0.1500
    0.7485    0.1500
    0.7364    0.1500
    0.7242    0.1500
    0.7121    0.1500
    0.7000    0.1500
    0.6879    0.1500
    0.6758    0.1500
    0.6636    0.1500
    0.6515    0.1500
    0.6394    0.1500
    0.6273    0.1500
    0.6152    0.1500
    0.6030    0.1500
    0.5909    0.1500
    0.5788    0.1500
    0.5667    0.1500
    0.5545    0.1500
    0.5424    0.1500
    0.5303    0.1500
    0.5182    0.1500
    0.5061    0.1500
    0.4939    0.1500
    0.4818    0.1500
    0.4697    0.1500
    0.4576    0.1500
    0.4455    0.1500
    0.4333    0.1500
    0.4212    0.1500
    0.4091    0.1500
    0.3970    0.1500
    0.3848    0.1500
    0.3727    0.1500
    0.3606    0.1500
    0.3485    0.1500
    0.3364    0.1500
    0.3242    0.1500
    0.3121    0.1500
    0.3000    0.1500
    0.2879    0.1500
    0.2758    0.1500
    0.2636    0.1500
    0.2515    0.1500
    0.2394    0.1500
    0.2273    0.1500
    0.2152    0.1500
    0.2030    0.1500
    0.1909    0.1500
    0.1788    0.1500
    0.1667    0.1500
    0.1545    0.1500
    0.1424    0.1500
    0.1303    0.1500
    0.1182    0.1500
    0.1061    0.1500
    0.0939    0.1500
    0.0818    0.1500
    0.0697    0.1500
    0.0576    0.1500
    0.0455    0.1500
    0.0333    0.1500
    0.0212    0.1500
    0.0091    0.1500
   -0.0030    0.1500
   -0.0152    0.1500
   -0.0273    0.1500
   -0.0394    0.1500
   -0.0515    0.1500
   -0.0636    0.1500
   -0.0758    0.1500
   -0.0879    0.1500
   -0.1000    0.1500
   -0.1000    0.1500
   -0.1000    0.1470
   -0.1000    0.1439
   -0.1000    0.1409
   -0.1000    0.1379
   -0.1000    0.1348
   -0.1000    0.1318
   -0.1000    0.1288
   -0.1000    0.1258
   -0.1000    0.1227
   -0.1000    0.1197
   -0.1000    0.1167
   -0.1000    0.1136
   -0.1000    0.1106
   -0.1000    0.1076
   -0.1000    0.1045
   -0.1000    0.1015
   -0.1000    0.0985
   -0.1000    0.0955
   -0.1000    0.0924
   -0.1000    0.0894
   -0.1000    0.0864
   -0.1000    0.0833
   -0.1000    0.0803
   -0.1000    0.0773
   -0.1000    0.0742
   -0.1000    0.0712
   -0.1000    0.0682
   -0.1000    0.0652
   -0.1000    0.0621
   -0.1000    0.0591
   -0.1000    0.0561
   -0.1000    0.0530
   -0.1000    0.0500
   -0.1000    0.0470
   -0.1000    0.0439
   -0.1000    0.0409
   -0.1000    0.0379
   -0.1000    0.0348
   -0.1000    0.0318
   -0.1000    0.0288
   -0.1000    0.0258
   -0.1000    0.0227
   -0.1000    0.0197
   -0.1000    0.0167
   -0.1000    0.0136
   -0.1000    0.0106
   -0.1000    0.0076
   -0.1000    0.0045
   -0.1000    0.0015
   -0.1000   -0.0015
   -0.1000   -0.0045
   -0.1000   -0.0076
   -0.1000   -0.0106
   -0.1000   -0.0136
   -0.1000   -0.0167
   -0.1000   -0.0197
   -0.1000   -0.0227
   -0.1000   -0.0258
   -0.1000   -0.0288
   -0.1000   -0.0318
   -0.1000   -0.0348
   -0.1000   -0.0379
   -0.1000   -0.0409
   -0.1000   -0.0439
   -0.1000   -0.0470
   -0.1000   -0.0500
   -0.1000   -0.0530
   -0.1000   -0.0561
   -0.1000   -0.0591
   -0.1000   -0.0621
   -0.1000   -0.0652
   -0.1000   -0.0682
   -0.1000   -0.0712
   -0.1000   -0.0742
   -0.1000   -0.0773
   -0.1000   -0.0803
   -0.1000   -0.0833
   -0.1000   -0.0864
   -0.1000   -0.0894
   -0.1000   -0.0924
   -0.1000   -0.0955
   -0.1000   -0.0985
   -0.1000   -0.1015
   -0.1000   -0.1045
   -0.1000   -0.1076
   -0.1000   -0.1106
   -0.1000   -0.1136
   -0.1000   -0.1167
   -0.1000   -0.1197
   -0.1000   -0.1227
   -0.1000   -0.1258
   -0.1000   -0.1288
   -0.1000   -0.1318
   -0.1000   -0.1348
   -0.1000   -0.1379
   -0.1000   -0.1409
   -0.1000   -0.1439
   -0.1000   -0.1470
   -0.1000   -0.1500